1 1 1 4645,88836 1016,26362 955,36541 100,00000 6178,58251 100,00000 1073,74377 100,00000
1 2 1 3612,18141 2372,25654 1002,63627 100,00000 2840,74675 100,00000 1351,83628 100,00000
1 3 1 3528,43470 1641,60086 1052,68670 100,00000 2751,87837 100,00000 1045,89969 100,00000
2 1 1 3717,68749 955,67399 1042,72486 100,00000 3055,22964 100,00000 770,77926 100,00000
2 2 1 4350,95323 882,82769 1151,73684 100,00000 3444,22091 100,00000 1093,45198 100,00000
2 3 1 4930,01954 1157,97279 1131,14924 100,00000 5380,28263 100,00000 1228,12461 100,00000
3 1 1 2806,56382 901,71110 933,49594 100,00000 3763,93496 100,00000 856,39460 100,00000
3 2 1 4251,53880 841,03416 1069,77927 100,00000 3524,66352 100,00000 1008,83254 100,00000
3 3 1 3744,65102 784,29032 903,68122 100,00000 3465,12698 100,00000 1023,54290 100,00000
4 1 1 2898,67901 1079,10285 1045,12752 100,00000 3422,81540 100,00000 950,48338 100,00000
4 2 1 4272,17686 1135,88730 1020,03202 100,00000 3607,15349 100,00000 930,63203 100,00000
4 3 1 2831,28333 1515,42557 1032,34344 100,00000 2452,42348 100,00000 1064,13467 100,00000
5 1 1 2628,58380 1017,46219 905,18403 100,00000 2550,07563 100,00000 911,42368 100,00000
5 2 1 3549,07899 1845,65110 1429,49472 100,00000 4241,98956 100,00000 1035,96372 100,00000
5 3 1 3105,90688 1439,53359 1124,63276 100,00000 3688,49540 100,00000 797,45314 100,00000
6 1 1 3377,34610 702,03645 927,05077 100,00000 4536,39188 100,00000 933,98349 100,00000
6 2 1 4943,28159 747,78968 1146,63289 100,00000 4205,78909 100,00000 955,80261 100,00000
6 3 1 3778,19754 839,24508 1210,06707 100,00000 3287,56478 100,00000 982,27986 100,00000
7 1 1 2595,26261 802,15065 1059,69091 100,00000 2597,34026 100,00000 967,99314 100,00000
7 2 1 2829,89880 639,25402 952,33466 100,00000 2868,15467 100,00000 981,00187 100,00000
7 3 1 5846,30917 784,29204 1249,79810 100,00000 4383,63230 100,00000 1063,57254 100,00000
8 1 1 4033,94828 952,18648 813,87663 100,00000 4838,71357 100,00000 821,92173 100,00000
8 2 1 3741,13467 763,53476 1118,16842 100,00000 3597,58873 100,00000 874,72840 100,00000
8 3 1 5043,47671 30318,33419 552,10437 100,00000 1385,01260 100,00000 1013,13626 100,00000
9 1 1 3407,46978 1814,68815 1215,81821 100,00000 2746,47144 100,00000 762,52736 100,00000
9 2 1 3427,45353 1302,57580 1033,52861 100,00000 3526,46515 100,00000 1081,32556 100,00000
9 3 1 3906,32442 1651,99675 997,49742 100,00000 5237,31526 100,00000 1066,07167 100,00000
10 1 1 2926,70569 795,93385 1080,75511 100,00000 3008,14257 100,00000 1003,21537 100,00000
10 2 1 3744,22947 926,34225 950,46477 100,00000 3958,26096 100,00000 885,56117 100,00000
10 3 1 4291,46268 1064,80656 1334,38094 100,00000 3511,75201 100,00000 964,92189 100,00000
11 1 1 5646,44129 2804,85025 1029,01512 100,00000 3766,41904 100,00000 940,96194 100,00000
11 2 1 2940,78905 1060,75622 1045,13707 100,00000 2516,08267 100,00000 947,53617 100,00000
11 3 1 2941,31118 1026,52596 1068,06027 100,00000 2607,12280 100,00000 793,98425 100,00000
12 1 1 2562,23889 4043,66405 932,85583 100,00000 2251,80447 100,00000 882,94780 100,00000
12 2 1 2835,84130 2476,13469 936,30916 100,00000 2461,94414 100,00000 912,73210 100,00000
12 3 1 2477,60059 3608,58391 932,89344 100,00000 2544,01708 100,00000 773,52969 100,00000
13 1 1 2809,06556 1149,67543 1039,55895 100,00000 2741,78390 100,00000 1021,86887 100,00000
13 2 1 2807,61260 1312,68365 986,27606 100,00000 2728,17076 100,00000 966,87053 100,00000
13 3 1 2613,01376 1382,83609 740,86939 100,00000 3197,05470 100,00000 855,78212 100,00000
14 1 1 2711,26994 688,84078 828,73651 100,00000 2248,84342 100,00000 822,75542 100,00000
14 2 1 2961,83570 846,14233 1014,88892 100,00000 2986,80845 100,00000 952,67102 100,00000
14 3 1 3605,58229 833,32315 1087,81184 100,00000 3209,34896 100,00000 913,78889 100,00000
15 1 1 2534,59280 673,62863 987,26189 100,00000 2752,95968 100,00000 819,42974 100,00000
15 2 1 3137,33484 657,24970 950,82131 100,00000 2800,77993 100,00000 896,94684 100,00000
15 3 1 2628,83719 803,35454 997,17892 100,00000 2573,68504 100,00000 921,44240 100,00000
16 1 1 4123,97805 2099,07298 938,87229 100,00000 2732,98388 100,00000 1154,65392 100,00000
16 2 1 5221,50204 1030,54094 1085,90022 100,00000 3556,22538 100,00000 1028,47935 100,00000
16 3 1 3289,40915 1072,07669 1040,29114 100,00000 2558,74636 100,00000 1086,45580 100,00000
17 1 1 4938,72096 1260,21994 1146,76150 100,00000 7754,67022 100,00000 1108,38398 100,00000
17 2 1 2686,96523 1309,12973 1056,68133 100,00000 2832,06721 100,00000 927,07232 100,00000
17 3 1 2321,98213 1936,00652 1093,85177 100,00000 2541,47502 100,00000 919,95092 100,00000
18 1 1 3504,00670 884,74940 1051,67187 100,00000 2938,79150 100,00000 947,55662 100,00000
18 2 1 4603,64327 1063,22193 1026,70076 100,00000 4401,74124 100,00000 836,08518 100,00000
18 3 1 2626,93489 1645,76475 1426,11645 100,00000 2699,76769 100,00000 1088,55698 100,00000
19 1 1 4302,39568 1507,04347 1061,18180 100,00000 2145,96049 100,00000 1539,94007 100,00000
19 2 1 2825,40628 1029,13295 1100,25457 100,00000 1914,56484 100,00000 1028,93649 100,00000
19 3 1 2942,18124 1117,51825 979,00767 100,00000 2402,77949 100,00000 968,08702 100,00000
20 1 1 2784,91778 1815,69619 878,30390 100,00000 2648,36008 100,00000 788,43695 100,00000
20 2 1 2648,51585 2123,27564 1056,19146 100,00000 2386,15441 100,00000 953,11195 100,00000
20 3 1 3566,05104 4027,68521 1066,00028 100,00000 2671,70131 100,00000 1196,83528 100,00000
21 1 1 3249,74901 1759,22266 873,08280 100,00000 2981,87369 100,00000 740,00588 100,00000
21 2 1 4244,71108 1529,55223 841,16778 100,00000 3168,62356 100,00000 958,54950 100,00000
21 3 1 3284,40420 1531,76392 852,63416 100,00000 3194,28314 100,00000 857,07606 100,00000
22 1 1 3346,62882 814,59809 1058,36439 100,00000 3405,06911 100,00000 899,39103 100,00000
22 2 1 2683,29313 758,15089 1029,33985 100,00000 3079,35619 100,00000 955,90471 100,00000
22 3 1 3131,93616 802,43301 785,84003 100,00000 2799,27065 100,00000 757,82534 100,00000
23 1 1 3738,40635 819,35418 848,39708 100,00000 3169,82492 100,00000 780,32981 100,00000
23 2 1 2376,49752 631,03245 857,60831 100,00000 2641,45744 100,00000 795,18525 100,00000
23 3 1 2708,61400 791,77671 768,65365 100,00000 2029,86943 100,00000 881,24230 100,00000
24 1 1 2613,96161 705,15389 1021,80206 100,00000 2866,26874 100,00000 872,35905 100,00000
24 2 1 2422,03190 843,05851 990,17260 100,00000 2448,20382 100,00000 926,04702 100,00000
24 3 1 2066,87098 962,09837 970,89759 100,00000 2094,62101 100,00000 853,19646 100,00000
