1 1 1 0.206 1.000
1 2 1 -3.035 1.000
1 3 1 -0.911 1.000
2 1 1 -1.377 1.000
2 2 1 -0.915 1.000
2 3 1 -0.443 1.000
3 1 1 -0.603 1.000
3 2 1 -0.253 1.000
3 3 1 -0.514 1.000
4 1 1 -1.676 1.000
4 2 1 2.140 1.000
4 3 1 2.968 1.000
5 1 1 -0.720 1.000
5 2 1 0.103 1.000
5 3 1 0.251 1.000
6 1 1 0.906 1.000
6 2 1 -0.775 1.000
6 3 1 -0.427 1.000
7 1 1 0.103 1.000
7 2 1 0.376 1.000
7 3 1 -0.912 1.000
8 1 1 1.288 1.000
8 2 1 0.270 1.000
8 3 1 -0.360 1.000
9 1 1 2.104 1.000
9 2 1 -3.357 1.000
9 3 1 -0.422 1.000
10 1 1 1.223 1.000
10 2 1 -1.629 1.000
10 3 1 -1.025 1.000
11 1 1 -0.895 1.000
11 2 1 0.239 1.000
11 3 1 -2.995 1.000
12 1 1 -0.436 1.000
12 2 1 -1.641 1.000
12 3 1 -1.422 1.000
13 1 1 -1.399 1.000
13 2 1 -0.405 1.000
13 3 1 0.311 1.000
14 1 1 -0.932 1.000
14 2 1 -1.242 1.000
14 3 1 -2.343 1.000
15 1 1 0.447 1.000
15 2 1 0.379 1.000
15 3 1 -2.523 1.000
16 1 1 0.463 1.000
16 2 1 1.496 1.000
16 3 1 0.594 1.000
17 1 1 0.855 1.000
17 2 1 -0.583 1.000
17 3 1 -0.280 1.000
18 1 1 -1.054 1.000
18 2 1 -0.283 1.000
18 3 1 -0.608 1.000
19 1 1 -1.190 1.000
19 2 1 0.042 1.000
19 3 1 -2.620 1.000
20 1 1 0.302 1.000
20 2 1 0.984 1.000
20 3 1 2.128 1.000
21 1 1 1.012 1.000
21 2 1 -0.342 1.000
21 3 1 -1.278 1.000
22 1 1 -0.936 1.000
22 2 1 0.103 1.000
22 3 1 -2.402 1.000
23 1 1 -0.973 1.000
23 2 1 -1.036 1.000
23 3 1 -0.103 1.000
24 1 1 -1.253 1.000
24 2 1 -1.012 1.000
24 3 1 -0.750 1.000
