1 1 1 4391,80227 3287,78783 877,46191 100,00000 5295,04652 100,00000 1037,46026 100,00000
1 2 1 4135,54205 7196,50433 1048,31014 100,00000 2420,84522 100,00000 1265,51298 100,00000
1 3 1 3524,14752 5389,02182 1077,81417 100,00000 2674,97687 100,00000 1103,18077 100,00000
2 1 1 3115,91929 2726,81773 895,60930 100,00000 2216,24851 100,00000 673,60351 100,00000
2 2 1 3606,05003 3250,06259 1042,15828 100,00000 3086,31006 100,00000 1039,73877 100,00000
2 3 1 4310,60826 3940,28839 1071,85829 100,00000 4412,21276 100,00000 1145,68207 100,00000
3 1 1 2750,74783 2956,89231 922,31011 100,00000 2776,20333 100,00000 785,01723 100,00000
3 2 1 3700,33564 2939,12657 1028,41613 100,00000 2475,92671 100,00000 964,90466 100,00000
3 3 1 3556,87130 2725,95531 903,30124 100,00000 2847,22648 100,00000 961,17321 100,00000
4 1 1 2519,15313 3664,03366 969,91491 100,00000 3561,66128 100,00000 928,01373 100,00000
4 2 1 3059,42774 3830,87341 951,25968 100,00000 3384,02306 100,00000 908,55407 100,00000
4 3 1 2160,08477 6923,17927 932,73542 100,00000 2168,45912 100,00000 1013,67843 100,00000
5 1 1 2194,36895 2270,51003 852,65416 100,00000 2009,21452 100,00000 844,61696 100,00000
5 2 1 3388,39016 4223,20276 1380,34649 100,00000 3545,80003 100,00000 1041,02679 100,00000
5 3 1 2739,09441 2992,16058 1056,46632 100,00000 3111,42240 100,00000 745,53107 100,00000
6 1 1 2756,08693 2302,80415 915,52070 100,00000 3686,93353 100,00000 901,13024 100,00000
6 2 1 4283,64437 2492,39605 1062,38613 100,00000 3896,33754 100,00000 952,30213 100,00000
6 3 1 2888,75681 3502,66508 1120,51224 100,00000 2839,43899 100,00000 934,72860 100,00000
7 1 1 2025,31217 2340,67351 997,58761 100,00000 2178,67086 100,00000 880,95704 100,00000
7 2 1 2500,28521 2228,34354 928,86868 100,00000 2380,18064 100,00000 960,94039 100,00000
7 3 1 4168,47703 3949,35475 1164,98529 100,00000 3857,08949 100,00000 1021,61650 100,00000
8 1 1 3620,23744 2153,48602 798,46528 100,00000 4300,33167 100,00000 804,65337 100,00000
8 2 1 3524,67074 2008,58747 1073,12429 100,00000 3260,06674 100,00000 855,13302 100,00000
8 3 1 5134,53772 56742,96876 565,90234 100,00000 1283,84703 100,00000 917,16010 100,00000
9 1 1 2987,98452 4250,80818 1158,06644 100,00000 2462,73294 100,00000 710,21539 100,00000
9 2 1 2888,78135 3050,47720 1023,94617 100,00000 2591,95447 100,00000 954,42696 100,00000
9 3 1 3716,17211 4586,91322 1013,27289 100,00000 4332,17650 100,00000 1027,28774 100,00000
10 1 1 2434,71994 3082,12190 981,16417 100,00000 2662,22747 100,00000 932,41815 100,00000
10 2 1 3416,52100 3003,09588 918,11804 100,00000 3182,29342 100,00000 831,34725 100,00000
10 3 1 3946,68482 4140,11687 1327,62932 100,00000 3467,26190 100,00000 949,64268 100,00000
11 1 1 4343,10771 5683,59014 955,83736 100,00000 2537,97902 100,00000 868,19403 100,00000
11 2 1 2385,09706 3943,95998 1020,90893 100,00000 1980,62625 100,00000 858,33814 100,00000
11 3 1 2263,54196 3642,93706 943,13325 100,00000 2170,92146 100,00000 705,90089 100,00000
12 1 1 2159,23123 5265,21062 895,14467 100,00000 2232,83340 100,00000 844,56049 100,00000
12 2 1 2136,27857 5196,67444 832,89708 100,00000 2016,60339 100,00000 847,85563 100,00000
12 3 1 2025,90461 8129,85282 901,25850 100,00000 2009,58226 100,00000 683,70638 100,00000
13 1 1 2329,76036 3014,11315 976,49300 100,00000 2145,56926 100,00000 978,68484 100,00000
13 2 1 2347,92264 2975,28729 900,65455 100,00000 2007,67212 100,00000 903,81657 100,00000
13 3 1 2250,87511 3272,71803 684,12595 100,00000 2565,05908 100,00000 847,54035 100,00000
14 1 1 2185,40945 2357,47795 767,00397 100,00000 1919,51527 100,00000 793,98981 100,00000
14 2 1 2560,32270 3460,27779 957,27075 100,00000 2746,62001 100,00000 916,61359 100,00000
14 3 1 2876,20190 3881,69422 1002,85018 100,00000 2970,69746 100,00000 876,84148 100,00000
15 1 1 2182,78315 2289,26410 912,48598 100,00000 2474,33330 100,00000 801,12573 100,00000
15 2 1 2979,50923 2305,35946 934,93063 100,00000 2558,14764 100,00000 864,28465 100,00000
15 3 1 2353,88009 2944,35977 919,87589 100,00000 2507,91758 100,00000 935,73615 100,00000
16 1 1 4249,18589 2636,99496 913,16363 100,00000 2644,10836 100,00000 1149,89154 100,00000
16 2 1 4939,57588 2854,95560 1045,59336 100,00000 3311,68096 100,00000 1024,25953 100,00000
16 3 1 2974,47787 3478,95624 1010,71660 100,00000 2343,47464 100,00000 1043,16721 100,00000
17 1 1 4123,14894 3271,12991 1079,92155 100,00000 6072,33521 100,00000 1095,10584 100,00000
17 2 1 2245,15921 3627,77047 992,08277 100,00000 2672,46127 100,00000 950,71553 100,00000
17 3 1 2182,07144 4612,84405 1021,18022 100,00000 2156,75554 100,00000 882,55944 100,00000
18 1 1 2974,64228 3307,37226 878,72611 100,00000 2610,95172 100,00000 884,95735 100,00000
18 2 1 3845,53011 4904,12397 919,93531 100,00000 3084,72213 100,00000 760,40302 100,00000
18 3 1 2226,71486 9232,94745 1383,67978 100,00000 2633,82413 100,00000 1040,41367 100,00000
19 1 1 3124,41016 3861,56232 966,51990 100,00000 1829,42413 100,00000 1337,31893 100,00000
19 2 1 2394,52336 5094,56147 1021,35110 100,00000 1660,06197 100,00000 974,38774 100,00000
19 3 1 2622,71250 4967,18341 952,07924 100,00000 2103,85220 100,00000 890,75318 100,00000
20 1 1 2482,41391 5398,79790 879,45168 100,00000 2784,77167 100,00000 767,00499 100,00000
20 2 1 1984,70498 6343,54760 962,13116 100,00000 2037,64165 100,00000 895,88103 100,00000
20 3 1 2555,04328 13274,50043 974,55378 100,00000 2258,09940 100,00000 1135,24994 100,00000
21 1 1 2955,52992 4791,17022 871,59355 100,00000 2751,20137 100,00000 716,86512 100,00000
21 2 1 4038,59623 4277,04594 868,96801 100,00000 2877,08720 100,00000 925,80896 100,00000
21 3 1 2966,23211 3878,42456 847,17725 100,00000 3008,92814 100,00000 844,91757 100,00000
22 1 1 2665,79412 4481,17626 967,58343 100,00000 2762,49436 100,00000 849,53327 100,00000
22 2 1 2279,18319 3181,23035 983,68536 100,00000 2702,70582 100,00000 885,72404 100,00000
22 3 1 2251,59942 11997,97511 665,52944 100,00000 2056,36661 100,00000 693,16181 100,00000
23 1 1 3573,79136 3025,23689 893,03549 100,00000 2658,14842 100,00000 732,65143 100,00000
23 2 1 2078,55615 2672,91543 798,21747 100,00000 2434,17080 100,00000 764,99146 100,00000
23 3 1 2547,20766 3064,87214 769,39233 100,00000 1866,00678 100,00000 851,62788 100,00000
24 1 1 2335,35690 2380,55789 981,26499 100,00000 2441,74824 100,00000 823,01911 100,00000
24 2 1 2012,36590 3370,88735 914,68526 100,00000 2120,45119 100,00000 877,02066 100,00000
24 3 1 1936,01570 4431,75891 1006,95263 100,00000 1919,34928 100,00000 806,11305 100,00000
