1 1 1 58,19477 0,28757 43,72486 0,17441
1 2 1 151,00635 3,24126 113,27885 1,34194
1 3 1 134,27045 4,44649 129,78190 1,59520
2 1 1 95,16174 0,53727 105,89707 0,54255
2 2 1 85,68363 0,37819 112,13315 0,58196
2 3 1 97,67596 0,52889 67,66802 0,33729
3 1 1 120,69095 3,13362 94,63356 0,88127
3 2 1 76,42580 1,09498 80,83757 0,82821
3 3 1 102,88667 1,12797 77,21372 1,05727
4 1 1 100,66896 0,75598 105,07599 1,34781
4 2 1 71,60884 0,39327 82,44376 0,54710
4 3 1 119,60478 1,12211 116,19141 1,56540
5 1 1 102,56837 0,89326 98,08583 0,54207
5 2 1 99,92161 1,07413 88,01962 0,44078
5 3 1 98,31377 1,04897 105,32479 0,57669
6 1 1 82,09037 0,38971 61,63989 0,21253
6 2 1 70,00117 0,26505 87,84186 0,42906
6 3 1 88,85858 0,42065 112,32214 0,76866
7 1 1 119,67713 0,81331 106,02010 0,61310
7 2 1 115,95112 0,69992 91,65082 0,36781
7 3 1 57,19616 0,23860 91,35938 0,72509
8 1 1 85,41254 0,45665 62,69459 0,39929
8 2 1 85,55460 0,35470 91,36532 0,69914
8 3 1 87,22518 8,52669 127,63909 52,73939
9 1 1 64,11021 0,95941 107,59060 0,80848
9 2 1 95,16381 0,80923 92,75495 0,39677
9 3 1 82,29579 0,72691 71,46919 0,35396
10 1 1 115,52744 0,62222 88,67767 0,44611
10 2 1 129,99166 0,94480 118,27308 0,74558
10 3 1 97,09479 0,71522 138,72964 1,09175
11 1 1 80,75630 1,02201 113,13688 4,36242
11 2 1 103,33992 0,73248 117,25910 3,48127
11 3 1 89,52502 1,21229 160,87515 4,31887
12 1 1 136,37855 1,98634 121,00223 1,35889
12 2 1 135,89830 2,27778 137,22531 2,49014
12 3 1 162,14383 3,74703 151,79060 5,28629
13 1 1 105,57448 0,86697 113,55152 0,71643
13 2 1 113,87415 1,04987 107,07362 0,59335
13 3 1 122,82444 1,30494 81,02310 0,47863
14 1 1 101,40584 0,55605 131,58840 0,75052
14 2 1 127,13503 0,96546 119,72636 0,78909
14 3 1 92,44411 0,62631 136,38455 1,14476
15 1 1 111,89702 0,61479 102,35868 0,54637
15 2 1 107,55444 0,74632 115,16259 0,63367
15 3 1 146,59124 1,56796 176,81341 2,44361
16 1 1 84,50852 0,47110 105,04330 0,90351
16 2 1 66,27472 0,27971 84,05808 0,67076
16 3 1 118,50543 0,68759 126,58876 1,42313
17 1 1 58,59553 0,35063 43,16251 0,14025
17 2 1 110,04549 1,20079 109,57513 0,55083
17 3 1 147,07712 2,54719 131,75691 0,96029
18 1 1 99,11882 0,54638 106,14773 0,60184
18 2 1 110,17128 0,73350 133,53762 1,18088
18 3 1 186,21849 2,15793 191,41411 2,25691
19 1 1 94,67925 0,82483 119,37759 28,46212
19 2 1 117,45049 1,25458 218,72520 7,10234
19 3 1 163,98124 2,23508 154,26832 6,64612
20 1 1 100,12152 1,46564 110,24101 0,87402
20 2 1 135,27635 2,02685 140,36693 1,65351
20 3 1 133,26288 2,66968 132,84223 1,46669
21 1 1 88,33298 0,92259 117,79132 1,27407
21 2 1 113,54923 1,17817 116,45403 0,63574
21 3 1 91,16628 1,02041 86,08192 0,48647
22 1 1 105,32466 0,56581 111,28243 0,56819
22 2 1 125,67593 0,74291 102,28531 0,62212
22 3 1 118,91087 0,74543 140,48672 1,11788
23 1 1 90,45426 0,50362 105,53704 0,51622
23 2 1 147,24096 1,24730 116,63080 0,85075
23 3 1 137,62415 1,34818 132,54725 1,45031
24 1 1 103,61207 0,54871 102,51975 0,64938
24 2 1 125,19861 0,78495 117,46734 0,91764
24 3 1 168,89523 1,38917 167,28847 1,67587
