1 1 1 16,28047 0,15161 22,43578 0,13383
1 2 1 8,29095 0,04878 22,57587 0,36077
1 3 1 16,47281 0,20808 28,78080 0,22517
2 1 1 21,41992 0,09738 16,71305 0,15192
2 2 1 18,84864 0,12639 16,57010 0,12269
2 3 1 9,24401 0,01305 26,52608 0,25310
3 1 1 15,48931 0,22723 15,92784 0,48647
3 2 1 14,38838 0,17457 14,43490 0,33410
3 3 1 13,63229 0,17500 24,54135 1,32501
4 1 1 46,61078 0,71761 19,87575 0,20672
4 2 1 49,78555 0,56231 20,55020 0,13433
4 3 1 22,98580 0,30832 17,14388 0,10497
5 1 1 16,60682 0,12038 19,19777 0,17551
5 2 1 23,97632 0,37959 23,76000 0,12695
5 3 1 18,07521 0,13572 13,06020 0,05879
6 1 1 34,11560 0,25491 19,66951 0,07536
6 2 1 22,35588 0,08008 20,75497 0,11799
6 3 1 18,48325 0,17301 39,61761 0,61143
7 1 1 23,09567 0,24532 17,72492 0,10360
7 2 1 21,16262 0,05750 16,91240 0,14521
7 3 1 20,99242 0,08130 20,70575 0,09925
8 1 1 17,46445 0,19926 139,47610 8,15831
8 2 1 15,44596 0,10945 17,89551 0,16143
8 3 1 14,28171 0,59490 30,35103 1,74547
9 1 1 18,87666 0,13337 15,39307 0,13868
9 2 1 29,39714 0,25346 15,63597 0,12227
9 3 1 18,55534 0,23523 29,40009 0,36964
10 1 1 16,27109 0,10085 18,01793 0,09227
10 2 1 18,02099 0,07666 18,11160 0,18514
10 3 1 27,94314 0,71580 21,23343 0,08805
11 1 1 13,87042 0,21142 16,36931 1,51089
11 2 1 14,37250 0,23817 28,74405 1,49471
11 3 1 13,52299 0,24517 20,56252 1,27091
12 1 1 20,13277 0,36538 10,59090 0,04256
12 2 1 22,21344 0,44886 17,40983 0,24233
12 3 1 43,15994 0,00282 21,97887 0,25290
13 1 1 16,22178 0,12633 16,91530 0,22957
13 2 1 16,32943 0,13196 21,20212 0,14059
13 3 1 17,41444 0,25410 15,04007 0,17290
14 1 1 18,28982 0,18194 20,76386 0,05885
14 2 1 27,77472 0,23245 41,29174 0,59377
14 3 1 17,40715 0,25095 25,07205 0,27306
15 1 1 16,44011 0,21051 10,16505 0,02297
15 2 1 17,36646 0,06574 21,18866 0,10400
15 3 1 19,75918 0,16935 29,41484 0,20369
16 1 1 17,17830 0,17490 15,73821 0,16395
16 2 1 17,70598 0,20122 17,86159 0,16507
16 3 1 19,57631 0,16826 13,60392 0,13544
17 1 1 28,14210 0,27217 14,09384 0,16134
17 2 1 21,30561 0,16509 18,56674 0,18257
17 3 1 17,91506 0,29615 20,55253 0,25036
18 1 1 17,12653 0,14918 8,94706 0,01669
18 2 1 16,27720 0,16995 18,04230 0,17998
18 3 1 19,34479 0,14606 15,10233 0,01476
19 1 1 14,42319 0,13859 45,35082 1,92862
19 2 1 16,64251 0,13285 39,88128 3,16236
19 3 1 -11,11841 0,05869 18,54849 0,42842
20 1 1 20,12436 0,41464 18,85865 0,06848
20 2 1 19,43138 0,35754 23,23962 0,06649
20 3 1 43,68325 0,79525 9,10052 0,04163
21 1 1 23,29454 0,15324 14,18941 0,18260
21 2 1 18,00114 0,11966 20,53932 0,22667
21 3 1 30,88532 0,48264 22,03766 0,10813
22 1 1 14,73923 0,15982 23,39900 0,24538
22 2 1 22,61714 0,23630 19,77779 0,00163
22 3 1 14,03508 0,21165 19,44410 0,13480
23 1 1 48,93860 0,03618 15,34259 0,21350
23 2 1 15,52011 0,12915 17,96911 0,12345
23 3 1 20,86012 0,10527 24,61980 0,19091
24 1 1 21,31152 0,19662 26,70819 0,15545
24 2 1 18,72354 0,12640 20,56929 0,25053
24 3 1 17,49996 0,16264 20,21319 0,03105
