1 1 1 83,62583 10,63157 55,32666 6,16081
1 2 1 173,80625 52,17345 112,18406 12,00118
1 3 1 121,15271 15,49060 179,13326 24,53174
2 1 1 164,70167 26,76586 157,76648 34,02266
2 2 1 125,36021 16,06581 130,57705 34,97043
2 3 1 109,28602 13,96193 86,16467 8,78135
3 1 1 142,08536 75,12160 214,49770 196,26834
3 2 1 72,80584 15,35197 92,43693 25,94978
3 3 1 128,66959 33,87369 115,33874 31,47039
4 1 1 125,99153 19,00166 144,20854 23,16567
4 2 1 92,11782 23,76216 109,07859 14,46033
4 3 1 156,48838 51,18940 117,30482 15,75800
5 1 1 120,29812 17,70692 124,38904 17,69003
5 2 1 80,14964 10,42661 109,06142 14,81268
5 3 1 123,62020 16,93127 160,83771 24,33613
6 1 1 115,87531 16,45429 81,50143 9,88888
6 2 1 105,41278 13,66058 92,79883 11,07878
6 3 1 119,40562 15,76648 133,73626 17,82647
7 1 1 120,88826 20,31463 106,26061 15,73461
7 2 1 132,40195 18,36207 88,69153 9,95611
7 3 1 80,97411 9,25419 91,51846 10,91478
8 1 1 105,57856 16,70252 100,98149 14,71261
8 2 1 105,12938 22,76586 131,70389 18,90162
8 3 1 -1163,48316 2549,71955 307,71577 54,40681
9 1 1 71,09974 7,81780 107,06016 15,52584
9 2 1 127,23009 18,94011 99,20087 12,12225
9 3 1 115,24602 17,54425 102,15775 14,03333
10 1 1 148,57436 21,56108 96,73785 11,64851
10 2 1 157,70203 24,37453 163,20001 26,91127
10 3 1 120,72806 14,82234 147,73913 18,14950
11 1 1 133,18568 23,42295 155,13453 27,44830
11 2 1 136,16040 20,71797 154,01385 24,69126
11 3 1 99,96037 11,97533 133,71105 21,89279
12 1 1 125,09129 18,48746 152,27602 23,44772
12 2 1 173,89805 33,07729 199,43611 34,13040
12 3 1 222,16653 46,79134 258,66788 60,25349
13 1 1 135,34222 20,76129 159,97068 23,25649
13 2 1 170,67991 26,65511 136,42808 18,24128
13 3 1 182,17563 31,59202 110,25646 13,15694
14 1 1 138,77469 19,44804 175,39448 27,80939
14 2 1 175,99766 26,69797 152,25792 20,86278
14 3 1 86,68483 9,03313 178,66628 25,86920
15 1 1 105,74130 11,88313 152,22242 22,02722
15 2 1 112,78552 12,95646 172,58803 26,05573
15 3 1 168,11293 25,40101 280,61878 52,13415
16 1 1 123,12323 18,36778 113,37514 14,74845
16 2 1 99,65982 13,16983 108,78207 12,78546
16 3 1 186,65399 30,48678 250,95913 45,11023
17 1 1 99,93972 12,85801 107,09313 13,89847
17 2 1 133,93926 17,27823 127,63837 15,84490
17 3 1 159,56065 21,93768 244,56370 45,02461
18 1 1 134,90865 19,15465 129,42280 16,42265
18 2 1 150,56998 24,29028 150,93912 23,14159
18 3 1 286,28969 53,57278 245,82673 41,16837
19 1 1 176,74945 35,53780 161,23712 56,88142
19 2 1 167,33546 27,63858 202,65240 35,73575
19 3 1 225,53527 42,99061 277,72541 96,12945
20 1 1 162,44676 32,00320 215,58283 40,84042
20 2 1 194,99840 31,51772 155,02489 21,80116
20 3 1 139,95744 20,22203 168,74201 21,97944
21 1 1 127,09884 17,59649 172,98881 28,54769
21 2 1 141,59161 21,23537 180,14975 28,51325
21 3 1 164,35918 22,98913 127,69703 15,17421
22 1 1 166,42286 24,39533 158,29345 22,63401
22 2 1 139,65248 18,16655 117,26205 13,60844
22 3 1 156,58710 23,16538 172,92992 24,57911
23 1 1 131,08415 18,48254 174,69952 29,09251
23 2 1 171,86712 24,68238 129,95757 16,47013
23 3 1 218,03598 39,93232 179,86892 27,83233
24 1 1 136,55005 18,04854 144,46841 20,63613
24 2 1 182,67982 26,92424 147,94772 19,99122
24 3 1 264,12955 47,84338 266,89945 49,92740
