1 1 1 15,80159 0,34968 13,64201 0,23532
1 2 1 13,98240 1,25749 15,84929 0,51209
1 3 1 14,02837 0,24043 15,49843 0,29054
2 1 1 11,76003 0,26215 15,42866 0,28396
2 2 1 13,78791 0,19651 15,51117 0,21499
2 3 1 14,70907 0,27182 14,40200 0,20008
3 1 1 14,63366 0,30339 13,90225 0,70931
3 2 1 14,14181 0,21350 15,60833 0,83576
3 3 1 13,76473 0,21293 14,27181 0,56222
4 1 1 14,99543 0,26079 16,83449 0,26565
4 2 1 16,00652 0,54631 12,62047 0,20327
4 3 1 15,19833 0,72699 13,69152 0,31669
5 1 1 14,89293 0,18238 15,51050 0,21319
5 2 1 14,53994 0,23591 13,52325 0,18671
5 3 1 14,80564 0,21524 14,07235 0,25984
6 1 1 16,09823 0,20024 14,61440 0,17196
6 2 1 14,74229 0,17568 16,66504 0,19171
6 3 1 14,45099 0,33487 15,09411 0,19457
7 1 1 15,33137 0,27361 15,50283 0,16623
7 2 1 14,94386 0,21027 15,21761 0,18387
7 3 1 14,30642 0,21745 15,28344 0,23324
8 1 1 16,67166 0,35485 12,62335 0,20933
8 2 1 14,98078 0,15583 15,01263 0,25171
8 3 1 5,52925 0,10950 10,61428 0,38860
9 1 1 17,14610 0,33308 13,78535 0,17983
9 2 1 13,56042 0,28872 15,33975 0,24077
9 3 1 14,75821 0,41273 15,77951 0,36197
10 1 1 14,70491 0,25915 14,02490 0,18608
10 2 1 14,69952 0,24536 15,66129 0,19432
10 3 1 13,91330 0,31488 14,56517 0,21951
11 1 1 13,60550 0,27718 16,04777 0,90317
11 2 1 14,04005 0,34901 14,81413 1,03986
11 3 1 12,71566 0,47617 14,85515 1,53919
12 1 1 17,82318 0,56594 14,94171 0,66395
12 2 1 13,92459 0,67726 15,45079 0,46189
12 3 1 14,76525 1,47414 16,20888 0,82278
13 1 1 13,88923 0,30513 15,77151 0,29957
13 2 1 14,51394 0,21276 14,65336 0,21482
13 3 1 14,10667 0,32117 14,57519 0,29221
14 1 1 13,73101 0,36179 15,01587 0,18384
14 2 1 12,94699 0,20631 15,24026 0,18622
14 3 1 14,94080 0,42549 15,93956 0,28875
15 1 1 15,76796 0,27057 14,66694 0,18512
15 2 1 14,79492 0,22443 14,40003 0,16678
15 3 1 13,80625 0,18617 15,63048 0,29052
16 1 1 15,75933 0,21458 14,22327 0,21061
16 2 1 15,44481 0,23355 13,81538 0,24219
16 3 1 13,67432 0,22170 13,64533 0,20277
17 1 1 15,92017 0,25829 12,73779 0,38562
17 2 1 14,59903 0,20533 14,66283 0,24445
17 3 1 14,80521 0,40978 15,01431 0,34627
18 1 1 15,57676 0,34602 16,75962 0,45102
18 2 1 13,41883 0,22750 14,20428 0,32828
18 3 1 13,92832 0,30696 14,29904 0,37469
19 1 1 13,68477 0,37080 12,98270 1,37508
19 2 1 14,56584 0,45586 16,46577 1,09256
19 3 1 14,83304 0,50597 15,27438 0,39310
20 1 1 16,38283 0,55975 15,48332 0,36667
20 2 1 18,89712 0,74040 13,27492 0,38896
20 3 1 7,84270 0,91994 15,47719 0,51354
21 1 1 16,49788 0,46501 15,01181 0,28383
21 2 1 13,78052 0,30914 14,78291 0,21693
21 3 1 11,93883 0,38281 15,55911 0,29367
22 1 1 13,87144 0,20168 14,95176 0,19761
22 2 1 14,17019 0,25787 14,34685 0,20032
22 3 1 12,27084 0,24979 14,57400 0,27450
23 1 1 14,38856 0,23947 14,99244 0,25416
23 2 1 13,37514 0,24779 15,70263 0,30096
23 3 1 15,01972 0,27231 14,64780 0,29510
24 1 1 14,52265 0,22379 16,78906 0,25187
24 2 1 13,59610 0,22144 15,28914 0,25195
24 3 1 13,77691 0,25369 15,77861 0,32707
