1 1 1 16,91467 1,10588 66,98782 12,48445
1 2 1 129,70956 82,24916 23,16814 1,68858
1 3 1 15,38607 0,45147 16,41916 1,17248
2 1 1 17,07550 1,46551 14,67596 1,14596
2 2 1 19,49754 1,38856 17,36543 0,81137
2 3 1 25,46396 1,81315 82,49374 14,93422
3 1 1 15,23302 4,37028 15,83618 5,24500
3 2 1 14,84027 4,22255 14,40783 4,56314
3 3 1 16,57362 5,76799 15,46808 5,28908
4 1 1 16,63803 1,20158 24,27522 2,54091
4 2 1 30,64915 3,99348 21,75194 2,02998
4 3 1 20,25976 1,56501 19,25379 1,39566
5 1 1 18,99396 1,58489 46,83196 6,81849
5 2 1 181,53161 54,01239 874,24990 1270,30489
5 3 1 26,85153 2,48816 26,68613 1,33472
6 1 1 17,24115 1,31918 16,71166 1,27809
6 2 1 389,35355 259,58331 99,60992 15,84674
6 3 1 21,88174 0,76530 42,41334 2,80494
7 1 1 20,85506 1,60700 19,35074 1,22109
7 2 1 18,30907 1,56447 20,17180 1,71642
7 3 1 16,44119 1,10161 25,78795 2,19301
8 1 1 19,51312 1,80631 14,67765 1,04910
8 2 1 17,45960 0,63947 17,05047 0,59105
8 3 1 14,54710 0,49565 14,49495 0,65022
9 1 1 66,78399 11,07212 24,01191 2,68541
9 2 1 34,77234 4,90716 16,68116 1,42015
9 3 1 367,19729 345,39130 16,29420 1,05232
10 1 1 -1064,14612 2837,93036 15,98717 0,67626
10 2 1 17,46995 1,41429 16,02471 0,38593
10 3 1 17,04072 1,24376 14,45862 0,60031
11 1 1 14,20759 3,68402 21,86149 14,47904
11 2 1 14,50317 3,97573 16,11233 5,76345
11 3 1 14,25264 4,50173 12,09896 3,25560
12 1 1 24,92503 2,71887 24,36993 2,29303
12 2 1 21,03261 1,33815 106,62308 26,33830
12 3 1 16,63158 0,73604 -3413,44621 22678,24064
13 1 1 23,15524 3,04282 16,41912 1,19102
13 2 1 43,04640 4,44895 17,16026 1,48903
13 3 1 30,94638 2,40342 19,07346 1,66779
14 1 1 21,43060 2,34380 17,00299 1,49371
14 2 1 -1457,53604 4348,14500 16,65158 0,58475
14 3 1 28,10739 2,80536 30,15965 2,51607
15 1 1 15,68004 1,17826 31,30936 3,42076
15 2 1 21,77798 1,96512 16,51123 0,50948
15 3 1 25,14537 1,87522 122,00880 37,50097
16 1 1 27,31912 3,03268 16,87637 0,90955
16 2 1 -102,68661 16,07048 37,74272 4,47725
16 3 1 31,29475 2,87830 -1566,64450 4155,90044
17 1 1 17,15523 0,53760 21,15603 0,98587
17 2 1 24,93505 2,49516 -166,58370 58,95615
17 3 1 18,87828 1,29766 60,34363 8,58924
18 1 1 16,32083 1,20053 40,98358 5,38723
18 2 1 23,92664 2,37347 -103,13520 19,36222
18 3 1 15,69246 0,47494 32,18611 3,12340
19 1 1 15,49901 4,40514 15,50449 5,44824
19 2 1 14,89223 4,11606 16,63170 6,62440
19 3 1 14,60538 4,40001 11,64316 3,03681
20 1 1 20,75176 2,56377 18,78943 1,78169
20 2 1 14,68210 0,69182 15,30447 0,60819
20 3 1 18,99848 1,73935 268,97211 189,54921
21 1 1 17,06483 1,18168 15,58906 0,65004
21 2 1 22,34549 1,00777 24,03682 2,54292
21 3 1 19,81853 1,73587 24,62642 1,54613
22 1 1 20,79242 1,03182 22,15656 1,75220
22 2 1 -452,04252 347,23087 22,58553 1,44216
22 3 1 14,98242 0,42858 18,88823 1,47228
23 1 1 16,74113 1,22684 15,59809 1,31207
23 2 1 32,68098 2,57224 17,57735 1,36146
23 3 1 16,52873 0,48841 26,40276 2,57806
24 1 1 279,91915 183,74389 16,35612 0,62757
24 2 1 19,96764 1,17717 -151,89898 47,80779
24 3 1 26,30491 1,97702 17,41173 1,07288
