1 1 1 15,50182 1,67635 14,32265 1,36592
1 2 1 14,70069 2,08863 14,97133 1,45534
1 3 1 13,89372 1,54130 14,77409 1,44446
2 1 1 13,80577 1,21616 16,43217 1,97482
2 2 1 14,82290 1,40443 15,70092 1,47371
2 3 1 14,49056 1,54991 15,14483 1,47591
3 1 1 14,85926 3,30465 15,18082 3,45879
3 2 1 14,43074 3,10607 15,26627 3,51229
3 3 1 15,30408 3,50229 15,01000 3,71382
4 1 1 14,87240 1,56973 14,65218 1,36092
4 2 1 14,26168 1,57448 14,77265 1,59740
4 3 1 15,95108 2,16681 14,31504 1,60927
5 1 1 15,45454 1,48800 16,62988 1,57712
5 2 1 17,85006 3,62003 16,39848 1,65254
5 3 1 15,58831 1,51414 16,56762 1,81664
6 1 1 14,99177 1,43725 15,38146 1,31477
6 2 1 16,01875 1,74760 15,48984 1,47854
6 3 1 16,10503 1,89268 14,95017 1,46138
7 1 1 15,90659 1,49176 15,75443 1,55950
7 2 1 15,48902 1,46699 16,43468 1,69321
7 3 1 14,97043 1,63198 15,12495 1,56464
8 1 1 15,30358 1,48020 14,51619 1,35507
8 2 1 15,25520 1,55443 16,13093 1,72521
8 3 1 13,86966 1,25675 14,55771 1,32335
9 1 1 15,34219 1,49434 14,12184 1,25078
9 2 1 14,23004 1,49533 15,29648 1,42311
9 3 1 14,72252 1,80095 15,01104 1,56026
10 1 1 14,38181 1,25058 14,73502 1,28473
10 2 1 15,63829 1,60562 16,61483 1,64726
10 3 1 15,62825 1,77692 15,64010 1,45949
11 1 1 14,85883 1,55249 15,29130 1,68904
11 2 1 14,86279 1,63986 15,06570 1,80070
11 3 1 14,18076 1,58457 14,57045 1,72232
12 1 1 14,72209 1,58334 15,09076 1,42304
12 2 1 14,81015 1,76894 15,12645 1,60672
12 3 1 13,74924 1,63999 14,91108 1,79596
13 1 1 14,54573 1,67494 15,96363 1,53194
13 2 1 14,80891 1,53008 15,05719 1,47463
13 3 1 14,71716 1,62737 14,68925 1,53776
14 1 1 13,98745 1,18386 14,35437 1,23452
14 2 1 16,02551 1,69899 15,34809 1,39564
14 3 1 13,83388 1,43757 15,66171 1,56793
15 1 1 15,50456 1,37033 15,66426 1,41375
15 2 1 15,52811 1,50726 16,10181 1,68386
15 3 1 14,37431 1,50364 15,82841 1,58392
16 1 1 15,12224 1,42826 14,88072 1,31641
16 2 1 14,34184 1,47266 15,09588 1,42794
16 3 1 15,32333 1,84891 15,47131 1,69844
17 1 1 15,75229 1,51985 15,63310 1,40649
17 2 1 15,29498 1,63780 16,23203 1,62929
17 3 1 14,72574 1,78330 15,79794 1,74046
18 1 1 14,01622 1,25925 15,73148 1,36739
18 2 1 15,69939 1,68766 16,60971 1,69962
18 3 1 15,66875 1,76315 15,18336 1,52373
19 1 1 15,10892 1,66612 14,08630 1,59871
19 2 1 15,07867 1,58572 14,85022 1,85741
19 3 1 15,38100 1,77819 15,49780 2,69308
20 1 1 15,26173 1,66809 15,66647 1,55426
20 2 1 15,82617 1,94878 14,53358 1,48770
20 3 1 14,39979 1,71280 16,45401 1,91845
21 1 1 15,82250 1,38318 14,90900 1,23665
21 2 1 15,57557 1,64524 15,54640 1,45181
21 3 1 14,57046 1,61350 15,85345 1,58051
22 1 1 14,35197 1,18865 15,32088 1,22725
22 2 1 15,17816 1,53134 14,30753 1,29882
22 3 1 13,70612 1,41883 14,41066 1,32709
23 1 1 13,99653 1,15694 14,35335 1,19481
23 2 1 13,85928 1,24046 14,02802 1,21857
23 3 1 16,22387 1,73380 15,69027 1,60914
24 1 1 14,46304 1,31597 15,32100 1,42329
24 2 1 14,90194 1,53547 14,69751 1,43214
24 3 1 15,12381 1,68872 15,05561 1,59610
