1 1 1 14,82431 1,82689 14,68859 1,72940
1 2 1 14,00251 1,88798 14,80899 1,62143
1 3 1 14,34783 1,48780 14,56764 1,42555
2 1 1 13,89544 1,51823 15,00647 1,82836
2 2 1 14,45736 1,45947 14,88052 1,42293
2 3 1 14,30098 1,36374 14,18083 1,26811
3 1 1 14,34967 1,53942 15,27033 1,71833
3 2 1 13,42608 2,30385 14,45743 1,50297
3 3 1 13,20058 2,07088 14,41060 1,46777
4 1 1 14,48151 1,52355 14,66194 1,47411
4 2 1 14,66996 1,57404 13,70630 1,33534
4 3 1 14,84537 1,57719 13,87079 1,32870
5 1 1 14,68745 1,54399 15,95395 1,67727
5 2 1 15,38162 1,76082 16,19766 1,73545
5 3 1 14,82967 1,42659 15,03241 1,44638
6 1 1 14,77503 1,62372 14,97191 1,46655
6 2 1 14,54238 1,46763 14,85787 1,47407
6 3 1 14,34952 1,34938 14,74067 1,42664
7 1 1 14,72488 1,47915 14,91857 1,59040
7 2 1 15,46381 1,55030 15,01213 1,54561
7 3 1 14,40455 1,41066 14,69376 1,43237
8 1 1 15,05005 1,58332 13,54687 1,34594
8 2 1 14,56980 1,44991 14,86828 1,56408
8 3 1 13,11894 1,26488 12,84846 1,04803
9 1 1 13,89781 1,49686 13,75977 1,50954
9 2 1 13,44254 1,50588 15,39326 1,76822
9 3 1 12,45348 2,25368 15,75048 3,56406
10 1 1 14,72703 3,85832 14,06618 1,42197
10 2 1 13,79211 2,55197 16,16156 2,94584
10 3 1 13,33489 2,26860 14,53996 1,38393
11 1 1 14,17120 1,46326 14,66257 1,57161
11 2 1 14,24395 1,47092 14,73042 1,62883
11 3 1 13,63956 1,38455 14,38524 1,43188
12 1 1 14,54089 1,58940 14,19350 1,43409
12 2 1 13,83436 1,44229 14,59748 1,46208
12 3 1 13,84898 1,40424 13,99027 1,35499
13 1 1 14,40365 1,82038 15,11846 1,56918
13 2 1 14,27812 1,49009 14,65659 1,50309
13 3 1 14,69415 1,50355 13,94644 1,31923
14 1 1 14,20448 1,41579 14,16543 1,39821
14 2 1 15,16114 1,58742 14,83591 1,46204
14 3 1 13,73723 1,31544 15,07642 1,43923
15 1 1 14,74752 1,44721 14,67532 1,49660
15 2 1 14,61090 1,41585 14,51875 1,45464
15 3 1 13,84236 1,30686 14,90571 1,37773
16 1 1 14,98783 1,52939 14,50169 1,43663
16 2 1 14,26101 1,44470 14,56438 1,49791
16 3 1 14,21154 1,38875 14,55366 1,45126
17 1 1 15,08861 1,68946 14,76928 1,57298
17 2 1 14,65120 1,67634 15,08547 1,72481
17 3 1 15,67304 1,89809 14,82636 1,62172
18 1 1 13,53522 3,31118 15,84680 3,37687
18 2 1 14,93117 3,15439 15,33667 1,64672
18 3 1 13,90278 2,33913 14,21130 1,38603
19 1 1 13,71363 1,43534 14,11664 1,43570
19 2 1 14,62091 1,52896 14,53417 1,57296
19 3 1 14,02004 1,38785 14,37851 1,34567
20 1 1 14,39191 1,60529 14,46598 1,48268
20 2 1 15,28328 1,65927 13,87989 1,35468
20 3 1 14,82967 1,49862 14,41112 1,27807
21 1 1 15,04466 1,45864 14,77184 1,35791
21 2 1 14,62119 1,49104 14,25883 1,32999
21 3 1 14,17448 1,33110 15,09419 1,35765
22 1 1 14,52930 1,40524 15,06174 1,44930
22 2 1 14,48943 1,36478 14,32395 1,38672
22 3 1 13,66722 1,27600 14,54477 1,27232
23 1 1 14,40967 1,34689 14,06771 1,34950
23 2 1 13,73770 1,27842 14,10967 1,32640
23 3 1 15,13172 1,46286 15,58391 1,49427
24 1 1 14,43737 1,47040 14,75419 1,52297
24 2 1 14,25793 1,43987 14,09609 1,42059
24 3 1 14,35198 1,38086 14,56057 1,40004
