1 1 1 61,36168 1,07970 50,55140 1,05051
1 2 1 113,74492 3,95170 140,16708 6,66892
1 3 1 109,91765 3,33894 120,37695 3,58834
2 1 1 104,60688 1,85275 136,16794 3,76943
2 2 1 90,25994 1,58726 104,56030 1,54943
2 3 1 98,87918 2,19362 84,09808 1,28582
3 1 1 122,56042 2,24264 145,84448 5,86585
3 2 1 77,86481 1,14522 128,14433 10,23134
3 3 1 93,35275 1,48511 89,19228 5,00816
4 1 1 130,75340 3,19427 111,35665 3,30830
4 2 1 81,78807 2,00253 78,94538 1,40524
4 3 1 203,38645 13,90983 123,31121 4,85227
5 1 1 116,11243 2,24290 120,26881 2,25486
5 2 1 97,40077 2,26008 105,75914 2,32551
5 3 1 109,50295 2,31708 144,25400 6,28867
6 1 1 92,73119 1,50578 67,32582 0,89485
6 2 1 64,54759 0,78255 78,89016 1,04552
6 3 1 104,98448 2,50437 107,96716 1,89460
7 1 1 149,71434 3,25968 123,24473 2,05373
7 2 1 111,35239 1,83048 109,60568 1,87528
7 3 1 69,17982 1,22763 82,69665 1,34432
8 1 1 93,95074 1,30715 64,59994 1,18008
8 2 1 88,62429 1,01390 93,23682 1,62225
8 3 1 83,59597 24,89567 81,43361 9,55519
9 1 1 57,75888 1,85935 123,29253 3,33961
9 2 1 114,08101 2,38099 111,13768 2,51364
9 3 1 91,18894 2,17556 60,16793 1,97973
10 1 1 136,54190 2,61238 104,34376 2,09744
10 2 1 116,61388 2,37763 132,91452 5,26876
10 3 1 95,73888 2,05170 106,05829 2,21501
11 1 1 65,76631 1,77078 158,33669 7,20437
11 2 1 134,62652 3,82936 146,18087 12,06363
11 3 1 103,68180 4,09033 160,95036 18,92014
12 1 1 166,35958 7,59182 128,02160 4,62336
12 2 1 190,11642 11,64112 61,65936 2,67637
12 3 1 180,35602 18,56337 71,51136 2,27560
13 1 1 134,51646 3,20422 165,42512 4,93859
13 2 1 144,40162 3,42679 150,88462 4,87209
13 3 1 155,42597 4,59674 95,65705 2,83246
14 1 1 124,97032 2,50635 153,46121 2,89391
14 2 1 122,78156 3,29848 108,34929 1,86987
14 3 1 102,35919 2,96865 110,69316 2,44100
15 1 1 118,97359 2,17573 111,66948 1,79971
15 2 1 102,86861 1,58703 116,89369 2,16459
15 3 1 142,23292 3,21258 125,37799 2,86487
16 1 1 90,82781 1,24588 117,78157 2,91929
16 2 1 64,36779 0,83869 85,23215 1,68560
16 3 1 122,03543 2,73987 119,18735 3,89319
17 1 1 65,41307 1,05316 53,11471 1,81404
17 2 1 122,88357 3,45042 125,61350 3,47391
17 3 1 136,98266 5,21368 171,29016 7,01597
18 1 1 97,97311 2,06257 114,34857 2,88802
18 2 1 116,46845 3,35363 116,41622 5,06283
18 3 1 233,98443 17,05490 166,13115 6,78516
19 1 1 152,50277 4,16671 134,91018 39,35436
19 2 1 137,45778 4,86909 275,79470 28,83391
19 3 1 175,68537 15,41797 204,53366 27,26256
20 1 1 127,91284 6,60747 133,75126 3,77856
20 2 1 133,41580 10,86967 159,84971 7,19546
20 3 1 398,94919 201,27994 142,19878 6,13237
21 1 1 94,29124 2,60216 140,39426 4,68977
21 2 1 136,09076 3,79959 130,72184 2,84435
21 3 1 103,20324 3,15663 79,31829 1,81417
22 1 1 142,43848 4,05400 154,28969 4,93351
22 2 1 135,54158 3,58989 97,78464 1,80322
22 3 1 105,16008 2,42084 101,02035 1,88167
23 1 1 79,55297 1,40030 123,75019 2,41666
23 2 1 134,19967 3,32654 98,48668 1,91384
23 3 1 112,17789 2,93855 131,81855 3,95755
24 1 1 115,05395 2,18306 116,15483 2,41394
24 2 1 150,67237 4,72947 123,83718 3,74312
24 3 1 210,74330 9,81560 183,65274 6,90263
