1 1 1 3532,96915 25393,47470 877,58557 100,00000 4392,07365 100,00000 949,13948 100,00000
1 2 1 3195,85531 71335,59803 956,96969 100,00000 2817,67382 100,00000 1321,32769 100,00000
1 3 1 3196,64381 26013,01041 990,19911 100,00000 2163,18903 100,00000 947,88399 100,00000
2 1 1 2614,05609 24512,57861 884,08645 100,00000 2519,24633 100,00000 719,87067 100,00000
2 2 1 3404,44928 24020,99557 1026,85487 100,00000 3124,33732 100,00000 1039,22228 100,00000
2 3 1 4579,38899 30840,69576 1094,16189 100,00000 4587,87020 100,00000 1149,22564 100,00000
3 1 1 2509,96764 55466,66888 902,72885 100,00000 2733,48197 100,00000 738,96422 100,00000
3 2 1 3886,51059 44527,66760 1043,77552 100,00000 3103,04432 100,00000 937,13051 100,00000
3 3 1 3115,48943 45726,83301 842,29476 100,00000 2953,89021 100,00000 934,40517 100,00000
4 1 1 2552,92159 21490,41543 988,30243 100,00000 2569,23769 100,00000 835,11615 100,00000
4 2 1 4208,21229 26470,64323 998,48257 100,00000 2915,45702 100,00000 827,55877 100,00000
4 3 1 2507,56357 22959,89171 958,64713 100,00000 2380,87046 100,00000 1022,64877 100,00000
5 1 1 2544,38479 19919,43363 886,92784 100,00000 2211,94443 100,00000 852,09166 100,00000
5 2 1 4155,36692 32990,09784 1509,57790 100,00000 3749,00612 100,00000 1014,66276 100,00000
5 3 1 2886,82222 22498,10672 1079,68713 100,00000 2979,70974 100,00000 735,51246 100,00000
6 1 1 2732,74314 21087,95223 866,52248 100,00000 3466,17887 100,00000 847,51309 100,00000
6 2 1 3487,65652 24542,00790 990,98107 100,00000 3903,87509 100,00000 932,97012 100,00000
6 3 1 3248,27155 22673,05456 1141,60448 100,00000 2706,36249 100,00000 908,49284 100,00000
7 1 1 2450,27321 23878,88512 1028,41803 100,00000 2582,20120 100,00000 947,10187 100,00000
7 2 1 2553,86995 20349,81444 906,44429 100,00000 2672,44378 100,00000 949,58935 100,00000
7 3 1 4220,84175 28008,58176 1129,49633 100,00000 3533,93196 100,00000 985,68131 100,00000
8 1 1 3562,26219 25623,87024 784,28287 100,00000 3395,47794 100,00000 725,91920 100,00000
8 2 1 4651,94860 25945,14467 1196,61167 100,00000 2851,02343 100,00000 804,49160 100,00000
8 3 1 4933,53162 129188,40631 518,55154 100,00000 5179,08345 100,00000 5173,17478 100,00000
9 1 1 3195,03846 22816,49981 1187,95213 100,00000 2689,31660 100,00000 763,57929 100,00000
9 2 1 2949,77696 30629,73714 972,41814 100,00000 3483,36156 100,00000 1103,58598 100,00000
9 3 1 3168,00552 66983,61362 938,28003 100,00000 3817,07575 100,00000 1006,39643 100,00000
10 1 1 2611,21077 58631,65593 1047,65045 100,00000 2910,32672 100,00000 975,62584 100,00000
10 2 1 3099,84604 65111,03065 887,57854 100,00000 3165,76677 100,00000 811,57417 100,00000
10 3 1 3503,23594 49623,24962 1207,55889 100,00000 3148,57619 100,00000 938,38637 100,00000
11 1 1 3456,56840 26144,17314 879,23254 100,00000 2709,33187 100,00000 834,89223 100,00000
11 2 1 2613,49491 23538,24659 1017,80929 100,00000 2313,38921 100,00000 874,92353 100,00000
11 3 1 2702,91931 19320,89822 1026,84278 100,00000 2516,18600 100,00000 719,04551 100,00000
12 1 1 2778,49739 20197,84693 926,22108 100,00000 2425,62166 100,00000 870,37566 100,00000
12 2 1 2768,16148 23320,70292 911,84150 100,00000 2269,60951 100,00000 854,42644 100,00000
12 3 1 2246,98885 24937,49509 883,56407 100,00000 2239,62943 100,00000 709,17602 100,00000
13 1 1 2621,10548 23928,43658 998,37514 100,00000 2376,71367 100,00000 966,24272 100,00000
13 2 1 2437,78116 20885,46105 913,93989 100,00000 2343,19152 100,00000 909,73585 100,00000
13 3 1 2358,30724 23602,88099 708,14474 100,00000 2451,85123 100,00000 776,45903 100,00000
14 1 1 2340,18095 17344,52865 777,39385 100,00000 1948,54464 100,00000 771,38332 100,00000
14 2 1 2530,89441 20674,83451 959,84361 100,00000 2571,35950 100,00000 901,84041 100,00000
14 3 1 3657,49906 23415,93424 1108,63697 100,00000 2572,18171 100,00000 842,17015 100,00000
15 1 1 2628,96481 16903,02575 999,80314 100,00000 2323,39847 100,00000 766,14061 100,00000
15 2 1 2974,47353 18437,49188 917,91688 100,00000 2348,62122 100,00000 842,05531 100,00000
15 3 1 2432,34355 19817,59769 966,34793 100,00000 2034,05500 100,00000 833,06892 100,00000
16 1 1 3874,26829 27809,08095 902,81619 100,00000 2939,25567 100,00000 1160,98662 100,00000
16 2 1 3964,42670 28320,24876 998,96999 100,00000 3120,15659 100,00000 977,85905 100,00000
16 3 1 2576,62748 29040,05578 941,43219 100,00000 2083,53920 100,00000 1000,39761 100,00000
17 1 1 3482,02863 24989,43793 1033,40450 100,00000 3650,22800 100,00000 893,25677 100,00000
17 2 1 2557,98320 20278,42697 1039,62143 100,00000 2505,69615 100,00000 898,17024 100,00000
17 3 1 2365,74743 39806,27552 1102,16776 100,00000 2101,88378 100,00000 883,13986 100,00000
18 1 1 2733,05983 56323,35468 925,18028 100,00000 2522,82969 100,00000 875,25878 100,00000
18 2 1 3813,12161 64259,34806 935,69081 100,00000 3403,51481 100,00000 756,55292 100,00000
18 3 1 2411,81984 47033,88419 1362,50469 100,00000 2395,22287 100,00000 1031,55764 100,00000
19 1 1 3295,31714 46394,51458 981,75541 100,00000 2100,43362 100,00000 1483,47737 100,00000
19 2 1 2436,38440 22613,80572 1042,27994 100,00000 1996,83215 100,00000 994,37310 100,00000
19 3 1 2521,60344 27615,01667 928,94812 100,00000 2126,60993 100,00000 853,02469 100,00000
20 1 1 2541,53968 24953,16953 799,14705 100,00000 2455,91982 100,00000 740,66945 100,00000
20 2 1 2262,32047 21139,62990 988,96206 100,00000 2343,59031 100,00000 912,73150 100,00000
20 3 1 3709,83547 26383,19749 1055,31881 100,00000 2372,55296 100,00000 1096,58762 100,00000
21 1 1 2857,08310 19667,73297 820,42847 100,00000 2530,04652 100,00000 687,98837 100,00000
21 2 1 3688,42764 32157,40951 784,34172 100,00000 2618,16995 100,00000 886,74531 100,00000
21 3 1 2686,66909 23203,47954 795,76477 100,00000 2474,07140 100,00000 788,37560 100,00000
22 1 1 2767,31235 21193,73639 993,02422 100,00000 2772,14979 100,00000 833,09033 100,00000
22 2 1 2528,99718 19040,52726 1007,54980 100,00000 2630,40465 100,00000 896,05053 100,00000
22 3 1 2623,62032 21193,57107 732,60305 100,00000 2184,16374 100,00000 670,18372 100,00000
23 1 1 2892,00681 19699,96691 780,85559 100,00000 2507,38219 100,00000 714,08486 100,00000
23 2 1 2085,44380 17894,20600 812,31083 100,00000 2255,63907 100,00000 734,14175 100,00000
23 3 1 2139,73544 22925,52471 703,87425 100,00000 1705,88804 100,00000 829,10066 100,00000
24 1 1 2288,72105 17386,36336 975,00909 100,00000 2426,37934 100,00000 805,24284 100,00000
24 2 1 2064,20695 18502,03970 933,82390 100,00000 2169,81712 100,00000 873,88138 100,00000
24 3 1 1837,36432 21565,17610 937,01170 100,00000 1826,99375 100,00000 808,60788 100,00000
