1 1 1 21213,13449 13203,74114 1510,54774 100,00000 4317,37166 100,00000 1387,76695 100,00000
1 2 1 2698,96288 14344,08673 672,88178 100,00000 1800,63747 100,00000 936,61029 100,00000
1 3 1 3106,91995 6482,38815 589,02875 100,00000 1406,50599 100,00000 878,93408 100,00000
2 1 1 3622,11838 566150,46465 2701,39577 100,00000 8059,61730 100,00000 1026,20243 100,00000
2 2 1 2737,68299 4474,00540 906,06067 100,00000 2714,10214 100,00000 750,40561 100,00000
2 3 1 4198,85948 7062,17802 860,00615 100,00000 3376,33728 100,00000 876,35436 100,00000
3 1 1 1210,51622 9645,96535 845,66625 100,00000 3314,93463 100,00000 562,33783 100,00000
3 2 1 2924,35340 3206,98685 833,69155 100,00000 2196,08210 100,00000 747,53965 100,00000
3 3 1 3085,14412 4762,25859 861,85414 100,00000 2762,56860 100,00000 796,67197 100,00000
4 1 1 2645,84294 4927,19042 691,74383 100,00000 2024,17750 100,00000 926,36070 100,00000
4 2 1 5114,93625 6779,61848 1303,42148 100,00000 2558,71241 100,00000 785,82830 100,00000
4 3 1 2742,59259 6552,69323 723,99065 100,00000 1993,31902 100,00000 1041,62813 100,00000
5 1 1 6352,18889 672557,85716 3049014,02432 100,00000 698299,94663 100,00000 4442,22604 100,00000
5 2 1 2951,90220 5273,14851 720,90661 100,00000 2347,82202 100,00000 918,56895 100,00000
5 3 1 2646,18133 7489,28016 884,87750 100,00000 2392,95803 100,00000 631,84297 100,00000
6 1 1 3073,38980 4737,17101 884,18344 100,00000 3441,27887 100,00000 877,34887 100,00000
6 2 1 2665,43600 4043,59807 737,09111 100,00000 3258,52771 100,00000 675,71189 100,00000
6 3 1 3118,20929 5402,98369 880,10860 100,00000 2031,95228 100,00000 742,67970 100,00000
7 1 1 2307,76521 8123,39710 1030,07076 100,00000 1982,42178 100,00000 820,60462 100,00000
7 2 1 2084,56045 4326,75166 892,04590 100,00000 2756,51478 100,00000 759,25328 100,00000
7 3 1 3870,26279 5461,13786 927,07226 100,00000 3572,75932 100,00000 843,46959 100,00000
8 1 1 4603,27074 6331,12098 921,37206 100,00000 3839,04022 100,00000 843,63471 100,00000
8 2 1 4982,47233 8570,17243 1617,18419 100,00000 2800,24431 100,00000 1402,98434 100,00000
8 3 1 3193,46213 5489,24085 753,47095 100,00000 2689,80817 100,00000 934,05129 100,00000
9 1 1 467,26788 2754,61221 726,76308 100,00000 1172,17310 100,00000 807,26111 100,00000
9 2 1 2440,43227 4009,96252 596,15953 100,00000 2140,73483 100,00000 839,18062 100,00000
9 3 1 3347,68244 6071,06305 945,19899 100,00000 4666,69740 100,00000 885,97128 100,00000
10 1 1 2432,64413 3860,52740 799,88663 100,00000 1675,68596 100,00000 792,69876 100,00000
10 2 1 3551,04370 8849,26624 897,64200 100,00000 3473,06453 100,00000 889,89370 100,00000
10 3 1 4442,04518 8015,84984 1437,00401 100,00000 2617,00328 100,00000 690,98420 100,00000
11 1 1 3637,17685 5269,07986 721,60869 100,00000 2325,46324 100,00000 838,59195 100,00000
11 2 1 2235,04319 4904,79771 846,29551 100,00000 2517,55298 100,00000 905,00495 100,00000
11 3 1 2267,92077 14361,06607 1170,07984 100,00000 2628,55768 100,00000 560,18178 100,00000
12 1 1 3937,50916 17388,66630 665,41314 100,00000 3209,73949 100,00000 2004,64568 100,00000
12 2 1 1464,68249 40971,38079 611,30298 100,00000 3400,67558 100,00000 732,29532 100,00000
12 3 1 1614,32857 19612,15535 910,13592 100,00000 1292,77108 100,00000 824,26666 100,00000
13 1 1 3734,30160 6267,34688 1036,99705 100,00000 1535,49283 100,00000 869,67993 100,00000
13 2 1 3263,24522 23248,87512 613,18295 100,00000 38381,63312 100,00000 27,71575 100,00000
13 3 1 2609,98468 8469,20045 780,49825 100,00000 3617,27759 100,00000 947,52199 100,00000
14 1 1 1343,77363 351200,74273 1114,86743 100,00000 2538,61208 100,00000 509,13374 100,00000
14 2 1 1771,61311 8007,85980 915,77451 100,00000 3705,87441 100,00000 723,72096 100,00000
14 3 1 2301,44429 7136,69455 692,77453 100,00000 2647,76987 100,00000 891,78140 100,00000
15 1 1 1940,77914 5460,75164 1013,03270 100,00000 2884,12415 100,00000 738,82758 100,00000
15 2 1 2190,58658 4170,01601 751,06413 100,00000 2853,74164 100,00000 832,57499 100,00000
15 3 1 1457,55197 434802,92924 1028,73042 100,00000 5320,01098 100,00000 888,73439 100,00000
16 1 1 2407,46839 28644,54371 464,44395 100,00000 1818,92603 100,00000 1123,53192 100,00000
16 2 1 2342,78169 64071,91007 770,62513 100,00000 2356,70897 100,00000 930,29879 100,00000
16 3 1 26520,22338 32203,02576 955,37022 100,00000 38378,11821 100,00000 27,39835 100,00000
17 1 1 2795,68725 7587,02262 1131,34754 100,00000 4947,65863 100,00000 761,20069 100,00000
17 2 1 2753,16524 5993,33497 813,71080 100,00000 2299,56335 100,00000 991,79172 100,00000
17 3 1 2594,31723 14944,03970 819,52945 100,00000 1481,61208 100,00000 937,22368 100,00000
18 1 1 1856,90395 8008,99526 1146,96274 100,00000 2889,32437 100,00000 589,34583 100,00000
18 2 1 2555,27611 5248,84102 634,10873 100,00000 3472,74271 100,00000 672,42630 100,00000
18 3 1 4505,80330 66668,26854 1980,29699 100,00000 1309,33995 100,00000 805,92925 100,00000
19 1 1 2227,19969 10114,23466 864,52258 100,00000 1439,95497 100,00000 800,12167 100,00000
19 2 1 1478,91268 8303,40613 898,33967 100,00000 1998,49641 100,00000 690,04006 100,00000
19 3 1 2677,87916 17458,47622 833,98386 100,00000 2420,76134 100,00000 1119,30765 100,00000
20 1 1 2841,73070 2601844,14880 383,17539 100,00000 1194,52463 100,00000 958,37132 100,00000
20 2 1 2271,18777 6919,56755 1045,86258 100,00000 2688,38687 100,00000 829,05518 100,00000
20 3 1 2715,67458 24810,83137 583,43874 100,00000 1222,10144 100,00000 966,40717 100,00000
21 1 1 1951,65953 12758,89437 662,88056 100,00000 1925,58795 100,00000 657,08186 100,00000
21 2 1 3457,05547 7186,78364 802,23242 100,00000 2978,09694 100,00000 961,58365 100,00000
21 3 1 2022,32935 9347,34990 699,34505 100,00000 2874,83454 100,00000 647,02937 100,00000
22 1 1 1877,14855 3921,13467 686,14346 100,00000 2412,41137 100,00000 654,74131 100,00000
22 2 1 2009,75775 3614,49753 711,37528 100,00000 2341,92024 100,00000 797,36342 100,00000
22 3 1 1656,96684 277,13486 569,03597 100,00000 40980,27729 100,00000 29,25604 100,00000
23 1 1 2260,94091 3533,98095 690,55578 100,00000 2904,10540 100,00000 654,78265 100,00000
23 2 1 1781,38529 3820,24980 677,63909 100,00000 2437,68177 100,00000 738,12131 100,00000
23 3 1 48765,77517 140334619,89966 34,81415 100,00000 7835,23533 100,00000 616,47896 100,00000
24 1 1 1360,59408 15007,22971 905,19165 100,00000 2142,94626 100,00000 716,55789 100,00000
24 2 1 1899,55162 5510,82801 893,16058 100,00000 2354,57775 100,00000 743,83099 100,00000
24 3 1 2407,83382 7687,82628 948,02149 100,00000 1967,16883 100,00000 944,61583 100,00000
