1 1 1 15,07896 0,31263 14,05280 0,29097
1 2 1 11,09642 0,49278 14,97678 0,52983
1 3 1 14,60412 0,27580 14,94876 0,29036
2 1 1 11,49186 0,34552 15,02836 0,30517
2 2 1 13,96507 0,20457 15,31282 0,14251
2 3 1 13,83200 0,24402 14,50091 0,18887
3 1 1 13,74905 0,19703 16,34002 0,81839
3 2 1 14,13499 0,17796 14,24523 0,39401
3 3 1 13,41755 0,23705 14,49274 1,25894
4 1 1 15,69421 0,28496 17,15898 0,29581
4 2 1 16,58075 0,66331 12,39992 0,16858
4 3 1 16,85940 0,97981 13,23049 0,28480
5 1 1 14,88695 0,18251 15,90639 0,17889
5 2 1 14,88549 0,25085 13,64346 0,15681
5 3 1 15,12528 0,18971 14,24513 0,20251
6 1 1 15,48468 0,17520 14,71139 0,17826
6 2 1 14,72594 0,14157 16,53606 0,17446
6 3 1 14,71406 0,22870 15,21979 0,19984
7 1 1 15,54871 0,22560 15,50803 0,15156
7 2 1 15,11570 0,17941 14,88338 0,17241
7 3 1 13,86195 0,18213 15,71420 0,16848
8 1 1 16,61782 0,29220 14,08847 0,20804
8 2 1 15,39087 0,15000 14,45539 0,22553
8 3 1 11,94996 0,47792 14,68915 0,58721
9 1 1 17,19480 0,26790 13,80240 0,20062
9 2 1 13,76176 0,25346 15,57698 0,19043
9 3 1 14,27252 0,29042 14,81079 0,30588
10 1 1 14,03046 0,16151 13,75460 0,18412
10 2 1 14,49421 0,18844 16,19692 0,18543
10 3 1 13,78101 0,27122 14,65319 0,17956
11 1 1 14,32868 0,31701 16,68169 1,38583
11 2 1 13,86453 0,24400 17,26232 2,13725
11 3 1 13,56972 0,27258 17,69543 4,83354
12 1 1 16,62126 0,68266 15,76182 0,40351
12 2 1 14,26516 0,53378 16,38662 0,35805
12 3 1 12,02614 0,85594 14,80830 2,83007
13 1 1 14,52562 0,28475 14,81582 0,30663
13 2 1 15,01387 0,18175 15,32874 0,19015
13 3 1 15,09900 0,31031 12,99781 0,20993
14 1 1 13,16760 0,22221 14,67413 0,17465
14 2 1 13,01552 0,24763 15,23448 0,17949
14 3 1 15,45602 0,39336 16,05506 0,29445
15 1 1 15,43667 0,26370 14,45629 0,18328
15 2 1 14,92407 0,20754 13,98748 0,21340
15 3 1 13,91185 0,17028 15,82933 0,25461
16 1 1 15,97698 0,24748 13,78962 0,19096
16 2 1 15,81248 0,37528 13,76939 0,23350
16 3 1 13,75887 0,23819 13,01088 0,18623
17 1 1 15,26159 0,24114 13,14311 0,17221
17 2 1 13,92235 0,20734 14,55997 0,28369
17 3 1 13,73195 0,28332 15,42600 0,37161
18 1 1 14,62683 0,53744 16,71267 0,35397
18 2 1 14,65770 0,30777 15,14001 0,26326
18 3 1 13,68782 0,37771 15,27775 0,29344
19 1 1 13,77314 0,13675 12,58053 0,73401
19 2 1 14,58698 0,38497 15,42101 1,00015
19 3 1 13,93376 0,35189 16,79794 0,52298
20 1 1 16,41923 0,99625 14,71098 0,22676
20 2 1 14,98950 0,67080 13,18397 0,31582
20 3 1 18,28395 1,37903 13,65084 0,55744
21 1 1 17,33513 0,40809 14,27493 0,24751
21 2 1 13,55514 0,23752 14,38751 0,21099
21 3 1 13,37204 0,36399 16,46620 0,28732
22 1 1 13,68610 0,20244 15,33485 0,18110
22 2 1 14,21854 0,18702 13,80051 0,19256
22 3 1 12,90027 0,27724 14,17765 0,25327
23 1 1 14,18491 0,24182 14,90892 0,24977
23 2 1 13,19521 0,24644 15,39614 0,22415
23 3 1 14,29362 0,24230 14,67571 0,24879
24 1 1 14,47511 0,20486 17,40467 0,32508
24 2 1 13,69747 0,23710 16,07859 0,31312
24 3 1 14,00417 0,25599 15,79931 0,35152
