1 1 1 41.342566 0.640000
1 2 1 42.078034 0.800000
1 3 1 40.959930 0.800000
2 1 1 41.195069 0.640000
2 2 1 43.373630 1.120000
2 3 1 41.975767 1.280000
3 1 1 41.701244 0.640000
3 2 1 41.566655 0.960000
3 3 1 41.948280 0.800000
4 1 1 42.609149 0.800000
4 2 1 40.899187 0.960000
4 3 1 39.262889 0.960000
5 1 1 42.492479 0.960000
5 2 1 40.806909 0.960000
5 3 1 41.946245 0.960000
6 1 1 40.432178 0.960000
6 2 1 41.256897 0.800000
6 3 1 40.961902 0.800000
7 1 1 39.640890 0.640000
7 2 1 40.120621 0.800000
7 3 1 43.008781 0.800000
8 1 1 40.168176 0.800000
8 2 1 41.732899 0.800000
8 3 1 34.537372 0.800000
9 1 1 41.571242 0.800000
9 2 1 43.955581 0.800000
9 3 1 42.461487 1.120000
10 1 1 42.722500 0.800000
10 2 1 43.485139 0.960000
10 3 1 41.002113 1.120000
11 1 1 40.085728 0.640000
11 2 1 40.152956 0.800000
11 3 1 41.635504 0.800000
12 1 1 42.136629 0.960000
12 2 1 40.340647 0.640000
12 3 1 40.717713 1.280000
13 1 1 43.061627 0.800000
13 2 1 41.840266 0.960000
13 3 1 40.211537 0.800000
14 1 1 41.054810 0.640000
14 2 1 42.882989 0.800000
14 3 1 43.523948 1.120000
15 1 1 41.745829 0.800000
15 2 1 41.255916 0.480000
15 3 1 43.095210 0.960000
16 1 1 41.319806 0.800000
16 2 1 40.613234 0.800000
16 3 1 39.157281 0.960000
17 1 1 41.905221 1.120000
17 2 1 41.273167 0.800000
17 3 1 41.569157 0.800000
18 1 1 42.643562 0.960000
18 2 1 42.358612 0.960000
18 3 1 41.650965 0.800000
19 1 1 43.388229 0.800000
19 2 1 42.322454 0.640000
19 3 1 44.753131 0.960000
20 1 1 43.028650 0.800000
20 2 1 42.829330 0.800000
20 3 1 40.586093 0.640000
21 1 1 44.730530 0.960000
21 2 1 42.085626 0.800000
21 3 1 42.540502 0.800000
22 1 1 42.986403 0.800000
22 2 1 44.300468 0.800000
22 3 1 44.400368 0.960000
23 1 1 43.489199 0.640000
23 2 1 43.749769 0.960000
23 3 1 42.578964 1.120000
24 1 1 42.144633 0.640000
24 2 1 40.119091 0.640000
24 3 1 41.184097 0.960000
