1 1 1 17,31551 0,58634 16,97064 0,73709
1 2 1 -15,47028 3,20051 13,28334 0,44438
1 3 1 13,54130 0,24001 15,53303 0,35679
2 1 1 16,00000 362,03867 13,53718 0,53313
2 2 1 16,96062 0,43070 16,52538 0,33364
2 3 1 14,64119 0,48164 14,94370 0,31748
3 1 1 49,48357 7,22467 15,18154 0,39848
3 2 1 15,11160 0,40388 17,21056 0,44291
3 3 1 13,52874 0,35725 16,15776 0,69828
4 1 1 11,96341 0,48310 14,98344 0,27881
4 2 1 21,27130 0,88298 -849,09075 11788,61713
4 3 1 19,93516 3,01661 16,00000 362,03867
5 1 1 -14,80747 7,36530 11,94948 0,39531
5 2 1 11,93441 0,21845 15,71624 0,95354
5 3 1 7,55553 0,08598 21,03779 0,02314
6 1 1 15,94691 0,29733 20,62068 1,29994
6 2 1 15,45705 0,46654 15,45133 0,40689
6 3 1 17,17576 0,80318 19,54902 0,74790
7 1 1 18,32862 1,07873 -352,85269 238,64917
7 2 1 13,97747 0,36366 16,28640 0,47709
7 3 1 14,82355 0,41520 18,19990 0,82310
8 1 1 6,63335 0,06834 22,09303 4,98467
8 2 1 14,97548 0,40918 27,70844 2,67544
8 3 1 13,67918 0,51730 14,21339 0,43548
9 1 1 -10,17089 0,11042 7,84905 3,51829
9 2 1 12,97229 7,65605 12,55739 0,18989
9 3 1 12,16691 0,43582 14,67655 0,35293
10 1 1 13,71624 0,18627 26,72770 3,28307
10 2 1 18,82125 1,09931 14,81738 0,25704
10 3 1 56,96014 9,58801 16,10861 0,40175
11 1 1 17,51514 0,64556 14,88007 0,40752
11 2 1 17,03380 0,64574 17,33705 0,88895
11 3 1 15,83848 13,12360 15,72491 0,38848
12 1 1 14,41161 0,27104 15,80920 0,80226
12 2 1 3,59929 0,14235 -67,79731 6,30207
12 3 1 8,41440 0,71635 104,48852 31,73941
13 1 1 13,87940 0,45822 15,26443 0,25904
13 2 1 64,88184 78,29394 18,16411 1,86134
13 3 1 14,08872 1,13958 17,92721 1,78163
14 1 1 -2,71220 2,54187 26,42650 0,97959
14 2 1 218,22624 95,05459 23,12663 2,13114
14 3 1 10,42572 0,32443 12,38049 0,44684
15 1 1 14,51565 0,35227 17,60691 0,95371
15 2 1 14,73336 0,51597 16,15970 0,97744
15 3 1 -14,24726 0,25647 31,08017 5,48607
16 1 1 19,29726 1,01035 22,98069 8,09246
16 2 1 20,00716 0,30801 22,93837 1,22035
16 3 1 57,29111 47,62011 -60,41298 162,84711
17 1 1 14,43238 0,34247 16,08340 0,70650
17 2 1 14,22189 0,31162 16,51143 0,68712
17 3 1 18,99594 1,04202 22,52708 2,28647
18 1 1 28,60840 5,19526 13,90219 0,44438
18 2 1 13,10024 0,20026 18,28293 0,72592
18 3 1 16,01309 0,73711 30,13614 2,34661
19 1 1 95,91088 31,96203 -82,23151 1,10063
19 2 1 23,51840 1,10103 28,87609 2,02169
19 3 1 23,89319 3,31359 23,86787 4,14183
20 1 1 21,33890 4,65762 8,37518 1,11781
20 2 1 14,68283 0,32431 13,79548 1,13385
20 3 1 7,76694 0,32040 13,50829 2,71189
21 1 1 14,49874 0,23813 84,67381 37,28204
21 2 1 9,33334 0,19825 14,78703 0,49125
21 3 1 -63,95985 15,97543 186,43601 64,56436
22 1 1 12,59017 0,68313 14,73873 0,20340
22 2 1 14,79999 0,32576 15,55862 0,34520
22 3 1 84,98641 41,04645 20,87049 1,28385
23 1 1 18,54250 1,02199 14,17072 0,15699
23 2 1 16,53877 0,51745 14,96346 0,19527
23 3 1 -21,99024 8,66028 16,00000 362,03867
24 1 1 16,50902 2,04117 90,26130 14,82546
24 2 1 13,55970 0,83357 14,33199 0,30505
24 3 1 14,71749 0,22340 10,86632 0,18052
