1 1 1 3617,31170 21764,75563 897,16879 100,00000 4941,62451 100,00000 984,73415 100,00000
1 2 1 3368,81999 47975,80004 954,31453 100,00000 2695,76536 100,00000 1289,99415 100,00000
1 3 1 3106,39093 21911,36758 960,89506 100,00000 2089,47577 100,00000 914,86208 100,00000
2 1 1 2760,12558 20982,66086 933,14965 100,00000 2376,87177 100,00000 697,28033 100,00000
2 2 1 3282,78577 20918,96925 996,53932 100,00000 2993,36575 100,00000 1003,89409 100,00000
2 3 1 4384,87139 27249,50829 1040,33614 100,00000 4367,75307 100,00000 1118,53989 100,00000
3 1 1 2409,24271 55914,31006 888,59488 100,00000 2634,57013 100,00000 739,39824 100,00000
3 2 1 3818,31374 41305,35177 1041,61929 100,00000 2964,74384 100,00000 923,00674 100,00000
3 3 1 3105,58834 41117,91277 842,94965 100,00000 2800,17803 100,00000 927,46828 100,00000
4 1 1 2540,73319 20185,09968 979,58914 100,00000 2512,12840 100,00000 819,63403 100,00000
4 2 1 3923,00437 25534,78611 965,98726 100,00000 2836,89173 100,00000 823,57550 100,00000
4 3 1 2314,97134 27763,33979 940,46627 100,00000 2406,35239 100,00000 1024,02905 100,00000
5 1 1 2532,56336 18244,13306 873,41470 100,00000 2200,62138 100,00000 846,99773 100,00000
5 2 1 4012,43306 29139,19444 1467,97622 100,00000 3677,53303 100,00000 983,42550 100,00000
5 3 1 2822,14165 22992,48448 1071,68293 100,00000 2955,04244 100,00000 727,30897 100,00000
6 1 1 2695,51836 18994,25303 857,65376 100,00000 3501,87500 100,00000 841,41980 100,00000
6 2 1 3536,99705 23010,88730 1001,81590 100,00000 3860,10347 100,00000 918,69176 100,00000
6 3 1 3209,59042 21856,89488 1120,76461 100,00000 2919,57578 100,00000 951,05862 100,00000
7 1 1 2527,27858 22194,10090 1048,04463 100,00000 2506,50466 100,00000 938,42592 100,00000
7 2 1 2576,39440 19297,75912 926,19145 100,00000 2868,04215 100,00000 972,75416 100,00000
7 3 1 4146,68346 25049,26071 1095,98011 100,00000 3905,00084 100,00000 1007,89836 100,00000
8 1 1 3525,90256 23311,82723 761,35092 100,00000 3359,78502 100,00000 707,69751 100,00000
8 2 1 4596,66443 23183,37020 1181,26315 100,00000 2912,89090 100,00000 798,70536 100,00000
8 3 1 3673,41112 218796,79244 448,81768 100,00000 2592,26185 100,00000 2404,90895 100,00000
9 1 1 3262,04982 18750,50998 1178,77222 100,00000 2634,01444 100,00000 737,12497 100,00000
9 2 1 3184,74629 22917,36580 1003,43776 100,00000 3294,89040 100,00000 1027,50894 100,00000
9 3 1 3360,24698 25546,66913 930,26997 100,00000 3839,38126 100,00000 934,61773 100,00000
10 1 1 2717,44277 19863,73175 1076,16599 100,00000 2747,79988 100,00000 945,63650 100,00000
10 2 1 3158,46550 24447,82651 870,34096 100,00000 3032,94552 100,00000 787,64455 100,00000
10 3 1 3330,53443 24773,28410 1156,35492 100,00000 3133,43670 100,00000 910,06529 100,00000
11 1 1 3320,41143 26942,94362 866,09923 100,00000 2652,40113 100,00000 827,69571 100,00000
11 2 1 2557,32334 21762,03529 986,65034 100,00000 2236,12159 100,00000 868,46818 100,00000
11 3 1 2569,26884 18782,63751 1000,73996 100,00000 2617,26303 100,00000 748,75676 100,00000
12 1 1 2691,01034 18958,50457 928,34673 100,00000 2381,75872 100,00000 859,00296 100,00000
12 2 1 2690,77431 24803,56008 925,75428 100,00000 2228,58688 100,00000 845,68889 100,00000
12 3 1 2187,55551 25207,65721 875,21730 100,00000 2231,04891 100,00000 705,90884 100,00000
13 1 1 2627,61493 20378,56297 998,24430 100,00000 2274,75817 100,00000 939,12325 100,00000
13 2 1 2456,00484 19009,39578 909,74066 100,00000 2361,56774 100,00000 902,62004 100,00000
13 3 1 2254,61190 23133,08164 698,75290 100,00000 2581,33267 100,00000 795,02576 100,00000
14 1 1 2278,03934 16285,72343 771,52204 100,00000 1973,10040 100,00000 772,78389 100,00000
14 2 1 2490,02082 19024,31131 939,42488 100,00000 2533,96691 100,00000 880,50528 100,00000
14 3 1 3550,03763 19849,80032 1050,76102 100,00000 2534,96846 100,00000 835,25906 100,00000
15 1 1 2598,42636 14607,67891 989,53633 100,00000 2263,25118 100,00000 753,56186 100,00000
15 2 1 2875,98825 17035,11990 906,69423 100,00000 2363,01267 100,00000 832,13848 100,00000
15 3 1 2324,61799 20615,65876 943,66700 100,00000 2043,88683 100,00000 828,80282 100,00000
16 1 1 3852,86701 26447,72812 892,39787 100,00000 2856,50289 100,00000 1126,07994 100,00000
16 2 1 3896,15271 26285,89479 977,64972 100,00000 3015,94188 100,00000 941,25970 100,00000
16 3 1 2605,60656 26538,69605 930,94857 100,00000 2145,22177 100,00000 1011,24967 100,00000
17 1 1 3440,25422 22108,10495 1014,93662 100,00000 3425,41733 100,00000 846,54200 100,00000
17 2 1 2546,89864 17271,64374 1019,60701 100,00000 2531,32663 100,00000 872,24803 100,00000
17 3 1 2238,26016 18212,36422 1053,85445 100,00000 2052,24357 100,00000 853,79817 100,00000
18 1 1 2636,61318 18258,02743 875,98604 100,00000 2508,41555 100,00000 867,35401 100,00000
18 2 1 3511,49170 28575,99628 888,55754 100,00000 3280,71320 100,00000 732,08199 100,00000
18 3 1 2302,90777 44269,30507 1286,59257 100,00000 2243,63493 100,00000 995,33100 100,00000
19 1 1 3247,77265 31118,87914 961,27290 100,00000 2131,73063 100,00000 1512,95319 100,00000
19 2 1 2328,99920 22744,92457 1010,15585 100,00000 1966,94698 100,00000 1004,00681 100,00000
19 3 1 2631,01501 24485,36156 949,73991 100,00000 2017,89047 100,00000 837,28235 100,00000
20 1 1 2505,71489 24482,22018 802,59465 100,00000 2339,91738 100,00000 714,81225 100,00000
20 2 1 2246,31609 20394,49503 988,28236 100,00000 2322,67730 100,00000 906,89657 100,00000
20 3 1 3559,73004 26190,23821 1050,19120 100,00000 2372,32670 100,00000 1111,77460 100,00000
21 1 1 2871,71004 17567,99235 815,97112 100,00000 2503,63777 100,00000 679,27006 100,00000
21 2 1 3744,01209 24933,85027 775,68214 100,00000 2565,86445 100,00000 876,98861 100,00000
21 3 1 2653,26461 24266,22362 782,73764 100,00000 2463,92374 100,00000 777,76709 100,00000
22 1 1 2694,06961 20363,68517 985,82466 100,00000 2780,00601 100,00000 829,33265 100,00000
22 2 1 2546,18060 17733,55260 1011,44674 100,00000 2645,09257 100,00000 891,87837 100,00000
22 3 1 2535,18474 22010,72550 720,21820 100,00000 2200,76657 100,00000 678,28358 100,00000
23 1 1 2817,21817 18960,17380 764,12910 100,00000 2396,90347 100,00000 683,63365 100,00000
23 2 1 2054,95154 16286,95080 795,22257 100,00000 2277,34111 100,00000 733,49848 100,00000
23 3 1 2203,70142 20119,99250 706,77160 100,00000 1756,60900 100,00000 831,66328 100,00000
24 1 1 2256,72745 16218,01003 968,34452 100,00000 2475,22575 100,00000 812,47936 100,00000
24 2 1 2051,19798 17336,26443 922,49355 100,00000 2272,38977 100,00000 886,50334 100,00000
24 3 1 1839,96715 19022,91398 929,72121 100,00000 1863,53065 100,00000 804,02652 100,00000
