1 1 1 84,43303 12,76969 57,69511 8,03983
1 2 1 220,60500 99,64768 110,06013 13,64319
1 3 1 116,57889 16,07736 187,39290 29,89052
2 1 1 163,42321 31,83917 137,80863 30,52313
2 2 1 115,78601 15,63487 115,55547 15,85284
2 3 1 111,07726 20,46614 85,82141 9,95353
3 1 1 157,32062 27,61267 147,18953 28,17151
3 2 1 74,08612 16,98761 102,93910 32,37565
3 3 1 109,15375 27,56303 99,74566 25,12957
4 1 1 132,57108 22,19089 139,42236 25,04707
4 2 1 72,94388 9,65771 120,78554 19,80073
4 3 1 153,16004 24,89212 105,33582 13,74318
5 1 1 114,92299 18,81242 119,34960 18,20303
5 2 1 68,66981 10,96122 104,13769 15,33064
5 3 1 118,11825 15,95693 165,50742 31,01905
6 1 1 119,93637 20,13524 86,43020 12,72235
6 2 1 101,45614 13,62284 83,85864 10,73935
6 3 1 111,57655 14,66360 128,52872 18,88507
7 1 1 113,84473 19,45582 104,19260 16,91400
7 2 1 126,32464 18,65275 94,91244 13,05811
7 3 1 80,24465 10,23439 91,28935 12,47356
8 1 1 94,86943 14,62702 98,60190 15,78870
8 2 1 71,62972 9,32104 140,27463 24,73316
8 3 1 272,79472 108,72882 351,96772 86,46237
9 1 1 80,15331 11,82981 113,65690 21,12982
9 2 1 133,31828 24,64608 109,21887 18,24813
9 3 1 124,88413 47,50826 102,91139 35,99524
10 1 1 157,30393 28,19267 93,04596 12,68383
10 2 1 186,13424 81,31365 150,68153 26,68168
10 3 1 111,03009 28,73991 149,92364 22,75815
11 1 1 119,47496 19,38177 148,15230 26,77614
11 2 1 136,35612 21,97996 173,89438 32,02562
11 3 1 98,94259 12,81643 142,35145 25,66826
12 1 1 123,11935 18,84875 145,79837 23,24460
12 2 1 140,19226 22,65831 203,58528 38,31155
12 3 1 207,29404 43,41486 254,79914 65,49455
13 1 1 133,05344 23,31862 156,13473 24,49447
13 2 1 161,29686 26,20894 146,14454 23,40041
13 3 1 172,13268 31,38905 112,71492 15,63598
14 1 1 137,27709 21,12446 170,33834 29,34759
14 2 1 160,38253 24,31661 149,80926 23,85391
14 3 1 87,60107 10,20333 168,53370 26,22077
15 1 1 113,24505 15,50213 143,79638 22,88411
15 2 1 108,93867 13,58122 165,99133 26,74575
15 3 1 158,06516 23,64729 233,23976 57,67186
16 1 1 129,49166 21,83775 107,72033 14,76970
16 2 1 99,18641 14,68222 108,40184 14,83237
16 3 1 191,90427 34,74030 224,01151 41,15332
17 1 1 102,59124 15,37926 100,34769 14,93273
17 2 1 128,56829 18,89130 133,37946 21,42399
17 3 1 147,15729 43,95132 175,15873 55,42145
18 1 1 126,14318 19,62613 123,06718 17,35351
18 2 1 132,49895 45,89608 140,98929 24,20535
18 3 1 229,34674 79,39086 213,63657 80,20733
19 1 1 166,92927 34,01096 177,60997 31,67695
19 2 1 153,52070 25,64210 214,46917 39,42327
19 3 1 198,99641 49,99976 239,07359 44,01477
20 1 1 142,58266 26,75237 180,02956 34,09617
20 2 1 180,80624 28,23790 149,66774 22,13492
20 3 1 120,25468 15,81084 151,87786 18,49567
21 1 1 128,58223 19,73467 162,14323 29,09341
21 2 1 141,28918 25,05666 173,87002 30,94708
21 3 1 171,10043 29,02565 120,93774 15,25864
22 1 1 154,87443 24,16638 163,37184 28,42883
22 2 1 144,51430 21,05114 121,89623 16,84976
22 3 1 152,90675 23,55653 175,25619 28,23919
23 1 1 132,93895 20,84244 161,91558 29,02780
23 2 1 169,79348 26,76715 130,15377 18,95649
23 3 1 196,54089 49,45597 164,58721 24,64788
24 1 1 125,62014 17,23218 132,65690 20,22753
24 2 1 181,66103 29,30973 141,16675 21,06620
24 3 1 268,76784 55,74111 272,04504 58,52037
