1 1 1 0,834329 0.0
1 2 1 -8,822324 0.0
1 3 1 0,534720 0.0
2 1 1 -2,017771 0.0
2 2 1 -0,953413 0.0
2 3 1 0,008116 0.0
3 1 1 -3,582713 0.0
3 2 1 0,428805 0.0
3 3 1 0,303201 0.0
4 1 1 0,071378 0.0
4 2 1 3,507110 0.0
4 3 1 0,641541 0.0
5 1 1 -8,434391 0.0
5 2 1 1,585028 0.0
5 3 1 5,997819 0.0
6 1 1 1,642079 0.0
6 2 1 -0,767784 0.0
6 3 1 0,356309 0.0
7 1 1 2,628795 0.0
7 2 1 0,473746 0.0
7 3 1 -0,195079 0.0
8 1 1 7,293899 0.0
8 2 1 2,239357 0.0
8 3 1 -0,571473 0.0
9 1 1 -7,440945 0.0
9 2 1 -3,134533 0.0
9 3 1 0,518200 0.0
10 1 1 3,201770 0.0
10 2 1 -2,089363 0.0
10 3 1 -3,216565 0.0
11 1 1 -0,917753 0.0
11 2 1 0,264712 0.0
11 3 1 -0,539278 0.0
12 1 1 0,930410 0.0
12 2 1 15,454925 0.0
12 3 1 4,839266 0.0
13 1 1 -0,444999 0.0
13 2 1 -0,931595 0.0
13 3 1 1,415846 0.0
14 1 1 -18,541727 0.0
14 2 1 -3,496077 0.0
14 3 1 -0,807105 0.0
15 1 1 0,614104 0.0
15 2 1 0,569506 0.0
15 3 1 -8,015467 0.0
16 1 1 1,305498 0.0
16 2 1 2,122587 0.0
16 3 1 2,607992 0.0
17 1 1 0,504668 0.0
17 2 1 0,517386 0.0
17 3 1 0,578638 0.0
18 1 1 -3,237325 0.0
18 2 1 0,889602 0.0
18 3 1 1,615853 0.0
19 1 1 1,295505 0.0
19 2 1 0,052461 0.0
19 3 1 -1,928022 0.0
20 1 1 -1,956015 0.0
20 2 1 0,500492 0.0
20 3 1 5,299585 0.0
21 1 1 4,111063 0.0
21 2 1 2,087104 0.0
21 3 1 -1,772250 0.0
22 1 1 -0,408426 0.0
22 2 1 0,671678 0.0
22 3 1 -1,925427 0.0
23 1 1 -1,852128 0.0
23 2 1 -1,255550 0.0
23 3 1 -6,902951 0.0
24 1 1 1,600212 0.0
24 2 1 -0,827399 0.0
24 3 1 -1,838478 0.0
