1 1 1 0,089509 0.0
1 2 1 -2,753849 0.0
1 3 1 -0,511938 0.0
2 1 1 -0,601368 0.0
2 2 1 -0,492083 0.0
2 3 1 -0,054482 0.0
3 1 1 -0,439318 0.0
3 2 1 0,137637 0.0
3 3 1 -0,395506 0.0
4 1 1 -1,571822 0.0
4 2 1 2,262969 0.0
4 3 1 2,637739 0.0
5 1 1 -0,331977 0.0
5 2 1 -0,081007 0.0
5 3 1 0,445710 0.0
6 1 1 1,090592 0.0
6 2 1 -0,717646 0.0
6 3 1 -0,566098 0.0
7 1 1 0,029983 0.0
7 2 1 0,530670 0.0
7 3 1 -0,765807 0.0
8 1 1 1,171252 0.0
8 2 1 0,534993 0.0
8 3 1 0,060574 0.0
9 1 1 1,841890 0.0
9 2 1 -2,911690 0.0
9 3 1 -0,144120 0.0
10 1 1 1,371047 0.0
10 2 1 -1,229582 0.0
10 3 1 -0,825994 0.0
11 1 1 -0,600368 0.0
11 2 1 0,430007 0.0
11 3 1 -2,511443 0.0
12 1 1 -0,218150 0.0
12 2 1 -1,460114 0.0
12 3 1 -1,113099 0.0
13 1 1 -0,953595 0.0
13 2 1 -0,190904 0.0
13 3 1 0,370038 0.0
14 1 1 -0,723006 0.0
14 2 1 -1,126508 0.0
14 3 1 -1,583964 0.0
15 1 1 0,420304 0.0
15 2 1 0,486302 0.0
15 3 1 -1,829773 0.0
16 1 1 0,525993 0.0
16 2 1 1,756224 0.0
16 3 1 0,715101 0.0
17 1 1 0,846317 0.0
17 2 1 -0,228536 0.0
17 3 1 0,047251 0.0
18 1 1 -0,401482 0.0
18 2 1 0,036132 0.0
18 3 1 -0,578197 0.0
19 1 1 -1,208344 0.0
19 2 1 0,064557 0.0
19 3 1 -1,870193 0.0
20 1 1 0,244536 0.0
20 2 1 0,769835 0.0
20 3 1 2,579944 0.0
21 1 1 0,783454 0.0
21 2 1 -0,237481 0.0
21 3 1 -0,747250 0.0
22 1 1 -0,611843 0.0
22 2 1 0,077605 0.0
22 3 1 -1,879666 0.0
23 1 1 -0,730250 0.0
23 2 1 -0,940840 0.0
23 3 1 -0,241177 0.0
24 1 1 -0,875973 0.0
24 2 1 -0,820042 0.0
24 3 1 -0,555871 0.0
