1 1 1 0,271412 0.0
1 2 1 -2,622222 0.0
1 3 1 -0,640498 0.0
2 1 1 -0,944340 0.0
2 2 1 -0,599350 0.0
2 3 1 -0,230835 0.0
3 1 1 -0,329244 0.0
3 2 1 0,316520 0.0
3 3 1 -0,055753 0.0
4 1 1 -1,455255 0.0
4 2 1 1,977971 0.0
4 3 1 2,884938 0.0
5 1 1 -0,307634 0.0
5 2 1 0,351029 0.0
5 3 1 0,420877 0.0
6 1 1 1,075959 0.0
6 2 1 -0,577828 0.0
6 3 1 -0,209707 0.0
7 1 1 0,118684 0.0
7 2 1 0,280455 0.0
7 3 1 -0,737233 0.0
8 1 1 0,969995 0.0
8 2 1 0,425065 0.0
8 3 1 -0,069549 0.0
9 1 1 2,014607 0.0
9 2 1 -2,711233 0.0
9 3 1 0,681634 0.0
10 1 1 1,143357 0.0
10 2 1 -0,898065 0.0
10 3 1 -0,509731 0.0
11 1 1 -0,698142 0.0
11 2 1 0,381761 0.0
11 3 1 -2,490099 0.0
12 1 1 -0,333852 0.0
12 2 1 -1,248678 0.0
12 3 1 -1,168181 0.0
13 1 1 -1,011699 0.0
13 2 1 -0,132121 0.0
13 3 1 0,294650 0.0
14 1 1 -0,825249 0.0
14 2 1 -1,155356 0.0
14 3 1 -1,649134 0.0
15 1 1 0,419929 0.0
15 2 1 0,415903 0.0
15 3 1 -1,880315 0.0
16 1 1 0,488751 0.0
16 2 1 1,703852 0.0
16 3 1 0,850238 0.0
17 1 1 0,737242 0.0
17 2 1 -0,357896 0.0
17 3 1 -0,299122 0.0
18 1 1 -0,214912 0.0
18 2 1 -0,059343 0.0
18 3 1 -0,432979 0.0
19 1 1 -0,972089 0.0
19 2 1 0,105164 0.0
19 3 1 -2,132550 0.0
20 1 1 0,225278 0.0
20 2 1 0,785916 0.0
20 3 1 2,197035 0.0
21 1 1 0,894896 0.0
21 2 1 -0,312728 0.0
21 3 1 -0,847408 0.0
22 1 1 -0,702129 0.0
22 2 1 0,211027 0.0
22 3 1 -1,869302 0.0
23 1 1 -0,871839 0.0
23 2 1 -0,925567 0.0
23 3 1 -0,041828 0.0
24 1 1 -0,987807 0.0
24 2 1 -0,847245 0.0
24 3 1 -0,462689 0.0
