1 1 1 0,135092 0.0
1 2 1 -2,259832 0.0
1 3 1 -0,621696 0.0
2 1 1 -0,500289 0.0
2 2 1 -0,414783 0.0
2 3 1 -0,098466 0.0
3 1 1 -0,142563 0.0
3 2 1 -0,112873 0.0
3 3 1 -0,146562 0.0
4 1 1 -1,236770 0.0
4 2 1 1,047949 0.0
4 3 1 2,182823 0.0
5 1 1 -0,358863 0.0
5 2 1 -0,063553 0.0
5 3 1 0,003541 0.0
6 1 1 0,695345 0.0
6 2 1 -0,166172 0.0
6 3 1 -0,235074 0.0
7 1 1 -0,052939 0.0
7 2 1 0,261008 0.0
7 3 1 -0,357208 0.0
8 1 1 0,470139 0.0
8 2 1 0,172496 0.0
8 3 1 0,559690 0.0
9 1 1 1,423059 0.0
9 2 1 -2,619263 0.0
9 3 1 -0,050815 0.0
10 1 1 1,369997 0.0
10 2 1 -1,071051 0.0
10 3 1 -0,638789 0.0
11 1 1 -0,280234 0.0
11 2 1 1,264574 0.0
11 3 1 -1,715566 0.0
12 1 1 -0,904054 0.0
12 2 1 -0,922917 0.0
12 3 1 0,491536 0.0
13 1 1 -1,229061 0.0
13 2 1 -0,121218 0.0
13 3 1 -0,112499 0.0
14 1 1 -0,378910 0.0
14 2 1 -0,658580 0.0
14 3 1 -1,778101 0.0
15 1 1 0,175717 0.0
15 2 1 0,362345 0.0
15 3 1 -1,575970 0.0
16 1 1 0,197439 0.0
16 2 1 0,965751 0.0
16 3 1 0,429128 0.0
17 1 1 0,360272 0.0
17 2 1 -0,479779 0.0
17 3 1 -0,017460 0.0
18 1 1 -0,304107 0.0
18 2 1 -0,021330 0.0
18 3 1 -0,093509 0.0
19 1 1 0,407090 0.0
19 2 1 -1,171444 0.0
19 3 1 0,186511 0.0
20 1 1 -0,964743 0.0
20 2 1 0,799291 0.0
20 3 1 1,640901 0.0
21 1 1 0,295524 0.0
21 2 1 -0,089714 0.0
21 3 1 -0,649430 0.0
22 1 1 -0,412492 0.0
22 2 1 0,116697 0.0
22 3 1 -1,884213 0.0
23 1 1 -0,257706 0.0
23 2 1 -0,726433 0.0
23 3 1 -0,232427 0.0
24 1 1 -0,607384 0.0
24 2 1 -0,568934 0.0
24 3 1 -0,208234 0.0
