1 1 1 1,313024 0.0
1 2 1 -1,465988 0.0
1 3 1 0,799558 0.0
2 1 1 -1,949485 0.0
2 2 1 -1,071630 0.0
2 3 1 3,931520 0.0
3 1 1 0,411587 0.0
3 2 1 -0,054037 0.0
3 3 1 3,894256 0.0
4 1 1 -2,932179 0.0
4 2 1 1,103226 0.0
4 3 1 2,232837 0.0
5 1 1 -0,160909 0.0
5 2 1 0,160200 0.0
5 3 1 -0,923409 0.0
6 1 1 0,008211 0.0
6 2 1 -0,817788 0.0
6 3 1 1,251658 0.0
7 1 1 -0,575041 0.0
7 2 1 -0,315058 0.0
7 3 1 -0,788360 0.0
8 1 1 0,629792 0.0
8 2 1 0,795231 0.0
8 3 1 2,006165 0.0
9 1 1 1,526231 0.0
9 2 1 -4,476779 0.0
9 3 1 0,998737 0.0
10 1 1 1,620942 0.0
10 2 1 -1,453525 0.0
10 3 1 -1,427428 0.0
11 1 1 -0,635503 0.0
11 2 1 1,827979 0.0
11 3 1 -3,253680 0.0
12 1 1 -2,876946 0.0
12 2 1 -1,414123 0.0
12 3 1 -2,742671 0.0
13 1 1 -1,133692 0.0
13 2 1 0,527560 0.0
13 3 1 -0,090749 0.0
14 1 1 -0,378788 0.0
14 2 1 -0,501243 0.0
14 3 1 -1,035284 0.0
15 1 1 -1,628633 0.0
15 2 1 0,939770 0.0
15 3 1 -1,152874 0.0
16 1 1 0,330154 0.0
16 2 1 1,629405 0.0
16 3 1 -0,641316 0.0
17 1 1 -0,830001 0.0
17 2 1 -0,801232 0.0
17 3 1 0,254786 0.0
18 1 1 -3,525639 0.0
18 2 1 0,166698 0.0
18 3 1 -1,300767 0.0
19 1 1 1,716472 0.0
19 2 1 1,773485 0.0
19 3 1 -10,238610 0.0
20 1 1 0,053330 0.0
20 2 1 1,421706 0.0
20 3 1 -2,309419 0.0
21 1 1 -0,334013 0.0
21 2 1 0,188800 0.0
21 3 1 -1,912345 0.0
22 1 1 0,472994 0.0
22 2 1 -0,064343 0.0
22 3 1 -0,926405 0.0
23 1 1 -1,047158 0.0
23 2 1 -0,476398 0.0
23 3 1 0,396018 0.0
24 1 1 -0,547582 0.0
24 2 1 -0,601375 0.0
24 3 1 -0,741736 0.0
